OTUId	B15S-01	B15S-02	B15S-03	B15S-04	B15S-05	B15S-06	B15S-07	B15S-08	B15S-09	B15S-10	B15S-11	B15S-12	B15S-13	B15S-14	B15S-15	B15S-16	B15S-17	B15S-18	B15S-19	B15SII-02	B16SI-01	B17SI-01	B17SI-02	B17SI-03	B17SI-05	B17SI-06	B17SI-07	B17SI-08	B17SI-09	B17SI-10	medium1	medium2	negative1	negative2	standard1	standard2
16S16Szotu7	2171	1707	11	1	0	10	12	4	697	19	110	421	2582	340	24	26	38	79	1718	2312	12125	3879	10	2631	15	2197	25	7	1155	66	0	0	3	10	1	2
16Szotu11	2314	89	121	2293	1533	207	5985	1148	238	1065	232	221	681	1449	958	0	0	29	739	27	3336	6	0	133	569	0	522	71	6	30	0	0	0	1	0	0
16Szotu10	1555	4	100	94	68	8139	70	2211	188	20	0	8	7	1037	25	0	233	456	85	1170	1	4	76	1838	1978	2949	1299	586	77	735	0	0	0	0	0	0
16Szotu5	2731	3903	5181	27	15	851	14	1903	136	701	30	407	1890	394	621	275	154	300	825	6	85	0	0	8363	1049	6919	3812	5197	2689	5542	0	0	1	0	2	0
16Szotu2	5909	4327	3500	6571	2604	2697	4060	2741	672	1308	1563	1817	3160	3796	2484	3050	835	1151	1238	462	230	6373	1706	5487	6555	6008	3362	1937	3795	1618	52	26	19	11	7	18
16Szotu6	3703	2849	1627	4498	5277	4538	9339	4700	1749	1573	101	1547	1254	911	647	0	2059	449	1581	8	0	4	0	7	3	1	3	0	0	1	0	2	1	1	0	0
16Szotu167	113	0	0	0	0	0	0	0	0	0	0	0	0	0	0	0	0	0	0	0	0	0	0	0	0	0	0	0	0	0	0	0	0	0	0	0
16Szotu33	44	188	75	140	224	180	38	183	21	117	8	29	89	71	141	159	43	111	255	3	0	0	0	3	226	0	126	7	920	67	19	7	9	13	0	0
16Szotu1	880	3509	1812	8613	3232	4787	4316	1288	518	770	3488	1794	2239	385	7166	5317	1064	3958	1007	7528	5881	17535	5339	2612	7513	9288	5945	2483	7545	4829	23	5	14	12	2	2
16Szotu162	96	0	0	0	0	0	0	0	0	0	0	0	0	0	0	0	0	3	0	0	0	0	0	0	0	0	0	0	0	0	0	0	0	0	0	0
16Szotu193	36	0	0	0	0	2	0	0	0	0	0	0	0	0	1	0	0	0	0	0	0	0	46	1	0	0	0	0	0	0	0	12	0	0	0	0
16Szotu3	108	4544	4714	1734	471	2852	71	2801	2040	3807	326	2924	1006	2041	7132	10705	3982	1561	1205	2013	2008	1	8854	7003	59	1632	1094	7324	4400	4146	6	3	2	0	2	0
16Szotu13	1030	2	30	0	0	1744	20	3325	10	0	0	1160	8	8	8	0	1	0	122	1	3	0	2	1416	1539	1	10	1796	2004	158	0	0	0	0	0	0
16Szotu9	3	12	323	396	181	944	2323	718	139	317	1872	392	10	5488	4376	612	136	2154	14	6	14	17	198	11	1501	750	791	124	8	396	6	2	3	1	0	1
16Szotu20	744	1	0	0	0	6495	4	1	25	0	1	2	0	12	5	0	13	69	0	0	0	0	0	1	326	10	0	91	28	0	0	0	0	0	0	0
16Szotu94	101	46	15	2	2	0	0	57	21	13	2	7	94	3	17	12	5	7	73	15	0	0	0	0	0	24	0	0	0	1	0	0	0	0	0	0
16Szotu93	258	0	0	261	2	16	6	10	0	0	2	0	0	1	0	1	0	3	0	2	0	0	0	0	0	0	0	0	0	1	0	0	0	0	0	0
16Szotu55	173	92	0	53	22	1	251	1	51	1	31	67	346	0	0	28	0	28	331	5	0	0	0	0	0	0	0	0	0	0	0	0	0	0	0	0
16Szotu45	987	30	0	0	0	0	1	0	0	0	0	297	143	279	2	0	0	32	306	82	1	0	0	0	0	0	1	0	0	2	0	0	0	0	0	0
16Szotu186	23	0	0	0	0	0	2	0	18	4	0	0	0	8	0	0	0	4	0	0	6	0	17	0	0	0	0	0	0	1	0	0	0	0	0	0
16Szotu179	29	0	3	0	0	74	0	45	0	0	0	0	0	3	1	0	2	2	1	0	0	0	0	124	32	177	42	36	2	53	0	0	0	0	0	0
16Szotu142	33	1	0	4	0	106	0	1	0	1	0	0	2	0	1	0	0	0	0	3	0	0	0	0	0	0	0	0	0	0	0	0	0	0	0	0
16Szotu89	396	0	0	0	0	0	0	0	0	0	0	0	0	135	0	0	0	0	0	0	0	0	0	0	0	0	0	0	0	21	0	0	0	0	0	0
16Szotu18	102	272	314	859	136	72	269	167	39	43	176	75	114	138	198	94	34	55	51	103	510	1282	136	581	650	98	376	59	644	137	15	10	7	15	6	8
16Szotu288	41	32	22	0	0	24	0	68	3	10	0	4	10	2	5	0	3	0	19	0	0	0	0	0	0	0	0	0	0	0	0	0	0	0	0	0
16Szotu147	67	1	0	0	0	0	0	0	0	0	0	0	5	0	0	0	0	0	0	0	1	0	2	44	21	2	0	0	1	2	0	0	4	0	0	0
16Szotu115	14	9	24	45	26	19	68	23	16	5	5	9	16	7	33	28	10	4	28	2	0	79	39	21	25	11	25	7	10	0	0	0	0	0	0	0
16Szotu126	7	94	0	0	0	2	0	21	0	1	0	1	1	25	0	0	1	0	0	0	0	0	4	69	2	0	0	1	0	6	0	0	0	0	0	0
16Szotu43	110	42	26	118	64	112	43	26	46	196	76	75	180	630	119	84	108	178	98	18	2	0	1	6	10	57	13	46	5	127	0	0	1	0	0	0
16Szotu250	48	55	46	0	0	29	0	115	3	14	0	10	18	0	11	0	10	3	19	0	0	0	0	0	0	0	0	0	0	0	0	0	0	0	0	0
16Szotu114	44	0	0	6	2	1	0	0	0	0	0	0	0	2	0	13	0	3	0	139	1	1	0	1	12	0	7	1	1	2	51	0	0	0	2	0
16Szotu261	13	0	2	0	0	44	0	37	1	0	0	0	0	1	2	0	0	1	1	0	0	0	0	75	17	94	15	15	0	20	0	0	0	0	0	0
16Szotu21	18	2	1	11	34	4	10	8	19	5	5	19	4	37	3	23	1	140	56	7	215	13	29	5	8	54	8	7	2	26	2566	1913	2526	2234	4	9
16Szotu249	1	0	0	0	0	0	0	0	0	0	0	0	0	0	0	0	0	3	0	0	0	0	0	0	0	0	0	0	0	0	0	0	0	0	0	0
16Szotu180	11	0	1	0	0	0	0	0	0	0	6	1	16	49	0	0	3	0	2	0	0	0	0	0	0	0	0	0	0	0	0	0	0	0	0	0
16Szotu390	15	0	1	0	0	23	0	18	0	0	0	0	0	3	0	0	1	1	1	0	0	0	0	60	7	61	17	12	0	23	0	0	0	0	0	0
16Szotu300	2	0	0	0	0	10	0	0	0	0	0	0	0	0	0	0	0	0	0	0	6	0	0	0	0	0	0	0	0	0	5	2	10	5	0	0
16Szotu87	21	56	18	118	42	43	95	161	35	19	9	15	12	49	45	13	5	10	18	14	9	4	9	62	32	35	12	9	3	42	0	0	0	0	0	1
16Szotu91	99	0	0	16	7	41	5	2	13	0	2	37	83	139	0	32	5	3	2	29	0	0	0	0	0	0	0	0	0	0	0	0	0	0	0	0
16Szotu15	22	258	19	649	566	172	23	70	79	328	50	227	344	19	47	18	10	0	241	1	5432	1	54	9	144	22	19	14	2	75	0	1	0	0	0	0
16Szotu74	36	46	0	8	8	28	46	7	2	26	4	9	82	98	190	2	5	3	20	19	37	1	62	33	10	14	10	55	7	57	0	0	0	0	0	0
16Szotu84	10	27	1	2	0	212	1	0	16	202	1	25	5	4	0	0	13	3	65	92	16	0	0	0	1	0	0	1	9	55	0	0	0	0	0	0
16Szotu124	30	11	31	1	0	0	0	7	0	4	0	3	6	28	0	0	0	0	2	0	0	0	17	51	11	17	8	0	12	2	0	0	0	0	0	0
16Szotu260	3	8	0	0	0	47	1	0	0	0	0	0	0	1	0	0	2	0	0	0	2	0	0	0	0	2	0	0	0	4	0	0	0	0	0	0
16Szotu266	22	0	0	14	0	0	0	0	0	0	0	0	0	0	0	0	0	1	0	0	0	0	0	0	0	0	2	0	0	0	0	0	0	0	0	0
16Szotu233	2	12	13	19	20	39	0	29	10	13	0	12	0	0	5	0	24	1	18	0	0	0	0	0	0	0	0	0	0	0	0	0	0	0	0	0
16Szotu59	17	71	6	38	32	198	17	10	72	69	10	57	47	201	181	25	22	45	44	5	0	0	1	138	8	16	111	0	6	9	0	0	0	0	0	0
16Szotu30	17	32	6	5	0	25	1	5	0	5	0	0	19	4	0	0	1	2	383	951	2883	6	0	9	3	26	25	3	28	106	37	24	49	49	0	1
16Szotu31	10	0	0	5	25	1	1	0	12	4	1	17	1	16	0	17	1	94	20	0	32	6	20	7	2	32	3	2	4	14	1223	997	1647	1374	3	4
16Szotu453	1	0	0	0	0	6	0	1	2	0	0	0	0	0	0	0	2	0	0	0	0	0	0	0	0	2	0	0	0	0	0	0	0	0	0	0
16Szotu298	1	8	8	45	21	5	8	5	0	2	5	12	1	0	25	12	5	4	3	4	0	36	10	15	36	35	23	8	12	13	0	0	0	0	0	0
16Szotu308	2	5	2	39	7	6	4	2	0	0	15	5	3	0	12	6	3	3	1	2	1	36	4	7	33	13	12	2	8	7	0	0	0	0	0	0
16Szotu440	6	9	15	0	0	6	0	18	1	2	0	2	4	0	2	0	2	0	5	0	0	0	0	0	0	0	0	0	0	0	0	0	0	0	0	0
16Szotu185	5	25	0	0	0	0	0	0	0	0	5	0	0	4	0	0	0	37	8	42	0	0	0	3	0	0	0	0	0	5	0	2	0	0	0	0
16Szotu268	3	7	0	0	0	1	0	7	1	1	0	3	5	0	1	4	0	0	14	1	0	0	0	0	0	0	0	0	0	1	0	0	0	0	0	0
16Szotu54	3	0	0	0	5	0	0	0	6	0	2	5	0	2	0	7	0	38	8	0	0	0	2	0	1	19	0	1	1	5	571	412	529	395	0	0
16Szotu29	4	1	0	1	32	0	1	1	21	2	4	17	4	11	0	16	1	90	28	0	0	1	5	5	2	50	4	2	0	12	1743	1310	1821	1557	5	2
16Szotu263	1	0	0	2	0	0	0	0	0	0	0	0	0	0	0	0	0	23	0	0	6	0	0	0	0	0	0	0	0	0	0	0	0	0	0	0
16Szotu66	3	30	29	64	39	39	84	2	16	37	12	9	18	55	257	32	7	11	20	100	55	60	66	139	29	56	16	34	93	6	0	0	0	0	0	0
16Szotu25	1	1	0	0	0	0	0	0	11	0	0	0	1	0	0	0	0	20	67	0	98	1	0	0	0	7	13	3	9	11	1	1	3	2	3259	3630
16Szotu37	15	156	22	463	307	268	116	175	353	214	39	206	192	194	24	0	23	32	353	6	3	0	12	0	0	0	0	0	0	52	0	0	0	0	0	0
16Szotu48	1	0	0	0	4	0	0	0	1	0	2	4	0	2	0	9	0	16	7	2	0	1	3	0	1	4	2	1	0	0	573	396	629	476	2	0
16Szotu174	4	4	1	31	14	5	15	13	0	3	0	5	6	13	3	2	0	0	7	0	0	6	3	7	5	3	1	0	0	0	0	0	0	0	0	0
16Szotu24	8	0	0	1	24	0	1	2	6	1	6	26	1	11	0	16	6	88	37	1	0	0	7	3	0	41	1	0	2	17	1972	1309	2086	1645	3	3
16Szotu317	1	0	0	0	0	0	0	0	0	0	0	0	0	0	0	0	0	0	0	0	0	0	0	2	0	1	0	0	0	0	1	7	1	6	0	0
16Szotu53	2	0	0	0	0	0	0	0	0	0	2	0	0	0	0	0	1400	231	0	0	0	0	0	2	0	0	0	0	0	0	0	0	0	0	0	0
16Szotu183	1	0	0	0	0	0	0	0	0	0	0	0	0	0	0	1	0	2	0	0	0	0	0	0	0	0	0	0	0	0	42	17	32	27	0	0
16Szotu331	1	1	1	3	7	0	4	0	0	0	1	0	1	0	4	1	0	2	2	1	0	7	7	0	1	0	3	0	1	0	0	0	0	0	0	0
16Szotu14	2	2	0	1	0	0	1	0	0	0	0	0	0	319	0	0	0	0	0	8232	3	0	0	1	5	3341	1	0	4	0	1	0	0	0	0	0
16Szotu239	1	0	0	0	0	0	2	0	1	1	0	14	18	0	1	0	0	0	6	2	0	0	0	0	0	0	0	0	0	0	0	0	0	0	0	0
16Szotu320	2	0	0	0	0	8	0	0	0	0	0	0	0	0	0	0	0	0	0	0	0	0	0	0	0	0	0	0	1	0	0	14	0	8	0	0
16Szotu248	1	0	0	0	0	0	0	0	0	0	0	0	0	0	0	0	0	0	0	1	1	0	0	0	0	0	15	1	0	25	0	0	0	0	0	0
16Szotu67	1	1	0	0	0	693	0	0	44	1	90	39	85	0	0	0	48	16	166	1	1	0	0	0	0	25	0	0	0	1	0	0	0	2	0	0
16Szotu287	1	0	0	0	0	0	0	0	0	0	0	0	0	0	0	0	0	0	0	0	0	0	0	0	0	1	0	0	0	0	4	10	16	13	0	0
16Szotu508	1	0	0	0	0	0	0	0	0	0	0	0	0	0	0	0	0	0	0	0	0	0	0	0	0	0	0	0	0	0	5	6	0	2	0	0
16Szotu16	1	15	0	0	0	0	0	1	0	4107	44	2	0	71	14	2	1495	284	1	1000	702	0	10	150	6	909	0	457	4	47	0	1	1	0	0	0
16Szotu439	2	0	0	0	0	0	0	0	0	3	0	0	0	0	0	0	0	5	0	0	4	0	0	0	0	0	0	0	0	0	0	0	0	0	0	0
16Szotu41	2	0	0	0	0	0	0	0	4	0	21	26	241	0	0	20	12	2091	85	50	2	0	0	0	7	0	0	0	0	0	0	0	0	0	0	1
16Szotu95	1	1	174	0	1	1	1	112	0	1	1	2	0	4	9	1	0	1	0	0	2	0	2	1	0	126	6	0	1	0	16	0	6	0	0	0
16Szotu330	2	0	0	0	0	6	0	0	1	0	0	0	0	0	0	0	1	3	0	0	0	0	0	0	0	7	0	0	0	1	0	0	0	0	0	0
16Szotu119	1	214	21	102	59	50	11	131	70	152	7	55	31	40	157	29	12	6	64	4	87	0	6	11	6	14	23	4	40	32	0	0	0	0	0	0
16Szotu156	1	0	0	0	2	0	0	0	0	0	0	0	0	0	0	0	0	2	0	0	0	0	0	0	1	2	0	0	0	0	46	31	52	40	0	0
16Szotu170	1	0	0	0	0	0	0	0	0	0	0	97	0	0	0	0	0	2	3	0	0	0	0	0	0	4	0	0	0	0	0	0	0	0	0	0
16Szotu63	3	0	1	0	4	0	0	0	3	0	1	4	0	2	0	5	0	13	12	0	0	0	4	1	1	8	0	0	4	7	328	244	393	251	1	0
16Szotu238	3	267	2	5	5	1	1	10	6	11	0	4	6	5	26	0	0	0	8	0	8	0	0	4	8	0	5	2	2	0	0	0	0	0	0	0
16Szotu188	1	2	0	10	14	13	14	0	2	0	0	9	3	0	0	6	4	4	4	0	0	0	0	0	0	0	0	0	0	0	0	0	0	0	0	0
16Szotu194	1	0	0	0	0	0	0	0	0	0	0	0	0	0	0	18	45	2	9	0	1	0	0	0	0	5	0	0	0	0	2	0	0	0	0	0
16Szotu100	3	0	0	1	2	0	1	2	0	0	0	0	0	5	0	1	0	2	3	0	0	0	1	2	0	0	0	0	0	4	169	74	169	42	0	0
16Szotu203	1	0	0	0	0	12	0	1	43	0	0	0	0	0	0	3	0	0	0	0	0	0	0	0	0	0	0	0	0	0	0	0	0	0	0	0
16Szotu271	1	0	0	0	1	0	0	0	0	0	0	0	0	0	0	0	0	1	0	0	0	0	0	0	0	0	0	0	0	0	17	7	19	9	0	0
16Szotu421	1	0	0	0	0	1	0	0	0	0	0	0	0	0	0	0	0	0	0	0	0	0	0	0	0	0	0	0	0	0	0	0	0	0	0	0
16Szotu120	1	2	0	0	0	7	0	0	78	28	0	82	7	0	0	0	26	2	22	0	0	0	0	0	0	0	0	0	0	0	13	4	4	3	0	1
16Szotu216	1	5	6	54	21	8	5	47	11	65	3	12	6	20	52	2	1	0	13	2	31	0	0	5	29	0	6	4	2	0	0	0	0	0	0	0
16Szotu4	0	3639	4518	12	7	1	273	34	1736	30	303	3014	2793	611	3	14009	4	614	3183	36	6	0	8253	544	2563	27	5446	774	7680	4960	2	1	2	1	0	0
16Szotu12	0	4319	0	1	0	221	19	1	2499	372	535	1235	1563	1488	0	0	599	73	1902	8	0	0	0	0	2	0	0	0	0	0	0	0	1	0	0	1
16Szotu28	0	4304	2	1	0	0	0	0	0	0	0	12	84	0	0	0	0	0	0	0	1	0	0	0	147	0	0	0	0	0	0	0	0	0	0	0
16Szotu371	0	123	0	0	0	0	0	0	13	4	0	18	40	2	0	0	5	0	40	0	0	0	0	0	0	0	0	0	0	0	0	0	0	0	0	0
16Szotu26	0	965	19	983	322	2	0	54	601	1701	29	102	103	17	500	0	17	8	0	0	0	0	0	0	0	1	0	0	1	135	0	0	0	0	0	1
16Szotu36	0	1636	0	0	0	0	1	0	1182	432	44	130	3	0	0	0	350	165	0	0	0	0	0	1	0	1	0	0	0	31	0	0	0	0	0	0
16Szotu116	0	20	7	37	16	27	1	33	52	19	0	34	6	8	3	0	2	6	31	0	0	0	3	0	0	0	0	0	0	10	0	0	0	0	0	0
16Szotu172	0	25	16	47	24	22	10	87	18	98	3	30	21	35	112	43	17	9	37	0	75	0	0	22	10	0	29	9	56	16	0	0	0	0	0	0
16Szotu218	0	50	74	0	0	0	0	0	4	0	0	19	34	0	0	28	0	2	25	0	0	0	0	15	12	2	91	17	63	153	0	0	0	0	0	0
16Szotu457	0	6	1	45	24	1	0	4	7	19	0	2	0	0	8	0	0	0	0	0	0	0	0	0	0	0	0	0	0	0	0	0	0	0	0	0
16Szotu68	0	123	0	0	0	0	0	0	0	180	43	0	9	15	118	0	0	0	99	40	0	0	0	0	114	5	133	51	1	6	0	0	0	0	0	0
16Szotu407	0	5	17	0	0	19	0	2	3	0	1	4	3	0	0	16	3	1	2	14	1	0	0	1	0	13	0	2	2	1	0	0	0	0	0	0
16Szotu494	0	10	0	0	0	0	0	1	0	0	0	1	0	0	0	0	0	0	0	0	0	0	0	0	0	0	0	0	0	0	0	0	0	0	0	0
16Szotu51	0	90	0	476	119	111	38	353	100	123	9	46	28	24	31	0	57	25	4	1	0	1	0	0	0	8	1	32	4	30	11	3	3	1	0	0
16Szotu217	0	5	0	0	0	1	0	0	0	3	0	2	7	0	0	0	0	1	6	0	47	0	0	0	0	0	0	0	0	0	0	0	0	0	0	0
16Szotu38	0	4	0	0	0	0	0	0	0	413	57	0	0	0	27	0	0	0	0	0	2621	0	12	82	0	0	0	0	0	0	0	0	0	0	0	0
16Szotu220	0	40	92	0	0	0	0	2	1	2	1	14	20	2	0	24	0	0	22	0	0	0	0	22	13	0	122	32	71	193	0	0	0	0	0	0
16Szotu528	0	46	0	0	0	3	0	0	2	5	1	5	15	1	0	0	0	0	17	0	0	0	0	0	0	0	0	0	0	2	0	0	0	0	0	0
16Szotu207	0	9	1	23	8	5	8	3	2	1	1	3	7	0	2	8	0	0	6	1	10	11	2	3	1	1	8	0	0	1	0	0	0	0	0	0
16Szotu99	0	5	0	0	0	15	6	0	0	0	0	0	3	0	0	17	268	8	87	6	0	0	0	1	0	0	1	0	0	0	0	0	0	0	0	0
16Szotu118	0	2	2	0	0	0	0	0	0	0	0	0	0	8	0	10	1	0	2	0	0	0	0	0	0	0	0	1	0	0	119	62	68	65	0	0
16Szotu396	0	10	6	0	0	0	0	0	0	0	0	2	4	0	0	4	0	0	4	0	0	0	0	1	2	0	11	7	10	19	0	0	0	0	0	0
16Szotu135	0	32	0	0	0	0	0	0	0	7	0	49	39	0	0	0	0	1	47	0	0	0	0	0	0	0	0	0	0	0	0	0	0	0	0	0
16Szotu210	0	21	1	0	0	0	0	0	6	7	0	0	0	0	7	0	0	17	0	0	0	0	0	0	0	0	0	0	0	1	0	1	0	0	0	0
16Szotu429	0	10	0	0	0	0	0	0	0	0	0	0	0	0	0	0	0	0	0	0	0	0	0	0	0	3	0	0	0	0	0	0	0	0	0	0
16Szotu422	0	17	0	0	0	8	0	0	39	0	0	20	6	5	0	0	11	0	24	0	0	0	0	0	0	0	0	0	0	0	0	0	0	0	0	0
16Szotu97	0	1	0	0	0	0	2	0	0	0	0	431	4	0	0	0	0	0	0	0	0	0	0	0	0	0	0	0	0	0	0	0	0	1	0	0
16Szotu292	0	5	0	0	0	0	0	0	1	7	0	3	12	0	0	0	2	0	3	0	0	0	0	0	0	0	0	0	0	0	0	0	0	0	0	0
16Szotu459	0	8	0	0	0	0	0	0	0	45	0	0	0	0	3	0	8	0	0	0	0	0	0	2	0	21	0	23	0	9	0	0	0	0	0	0
16Szotu178	0	3	0	0	0	0	0	0	0	0	65	2	4	0	0	0	6	4	17	2	0	0	0	0	0	0	0	0	0	0	0	0	0	0	0	0
16Szotu107	0	3	0	0	0	0	0	0	0	2	0	1	5	3	0	0	0	0	0	0	310	0	18	13	1	0	0	0	0	6	3	1	12	0	0	0
16Szotu44	0	1	0	0	0	0	1	0	0	0	0	113	1669	0	0	0	0	0	559	2	0	0	0	0	0	1	0	0	0	0	0	0	0	0	0	0
16Szotu104	0	8	3	0	0	3	0	0	0	6	0	0	2	5	0	0	0	1	2	0	373	0	0	1	0	0	0	0	1	1	0	0	0	0	0	0
16Szotu419	0	1	0	0	0	0	0	0	0	3	0	1	4	0	0	0	1	0	2	0	0	0	0	0	0	0	0	0	0	0	0	0	0	0	0	0
16Szotu449	0	9	0	0	0	0	0	0	0	0	0	0	2	0	0	0	0	1	1	0	0	0	0	0	0	0	1	0	0	0	0	0	0	0	0	0
16Szotu387	0	10	34	0	0	0	0	0	0	0	0	4	12	0	0	2	0	0	7	0	0	0	0	4	9	0	38	11	28	53	0	0	0	0	0	0
16Szotu335	0	1	0	0	0	0	0	0	0	0	0	0	0	0	0	0	0	0	0	0	1	0	0	0	0	0	0	0	0	0	3	6	4	2	0	0
16Szotu344	0	4	0	2	1	4	0	4	11	11	0	9	1	1	2	0	7	0	6	0	0	0	0	0	0	0	0	0	0	1	0	0	0	0	0	0
16Szotu40	0	1	0	0	0	0	0	0	3	0	0	0	0	0	0	0	1	9	0	0	0	0	0	0	0	0	0	0	1	0	1	1	0	0	1300	1592
16Szotu525	0	3	0	1	0	4	2	1	1	2	0	0	3	2	0	0	0	0	5	1	2	0	1	0	0	0	0	0	0	0	0	0	0	0	0	0
16Szotu73	0	14	0	143	80	164	7	0	63	25	4	32	20	25	2	285	53	20	0	0	0	0	0	0	0	0	0	0	0	3	0	0	0	0	0	0
16Szotu471	0	5	4	1	3	10	0	6	1	6	0	4	1	0	0	2	9	0	1	0	0	0	6	13	0	1	0	5	9	9	0	0	0	0	0	0
16Szotu394	0	3	4	0	0	23	0	0	6	6	0	3	2	0	0	0	4	0	4	0	0	0	0	0	0	6	0	0	0	0	0	0	0	0	0	0
16Szotu472	0	6	3	14	3	10	2	16	3	4	0	4	0	1	12	0	18	1	2	0	0	0	0	0	0	0	0	0	0	0	0	0	0	0	0	0
16Szotu481	0	3	3	0	2	15	0	3	3	3	0	1	1	0	0	3	8	1	1	0	0	0	4	9	0	1	2	9	0	6	0	0	0	0	0	0
16Szotu458	0	3	1	14	0	7	0	16	8	4	0	2	0	0	2	0	3	1	1	0	0	0	0	0	0	0	0	2	0	11	0	0	0	0	0	0
16Szotu61	0	2	440	25	13	19	87	59	6	5	0	1	2	46	3	0	0	0	5	196	18	0	1	4	112	76	372	0	1078	14	1	0	0	0	0	0
16Szotu47	0	6	0	0	0	0	0	0	893	1	118	82	190	12	0	2	0	7	717	11	5	0	0	0	0	0	13	165	4	0	53	38	84	25	0	0
16Szotu254	0	1	0	0	0	43	1	0	5	24	0	0	2	1	0	0	0	0	4	0	0	0	0	0	0	0	0	0	0	0	0	0	0	0	0	0
16Szotu497	0	3	0	9	2	10	0	11	4	6	0	6	0	0	8	0	6	0	0	0	0	0	0	0	0	0	0	2	0	6	0	0	0	0	0	0
16Szotu323	0	6	0	0	0	0	0	0	0	0	0	0	0	0	0	0	0	0	0	0	10	0	0	10	0	0	1	0	0	0	0	0	0	0	0	0
16Szotu108	0	1	0	0	0	0	2	0	54	2	0	166	58	0	1	0	96	24	93	2	0	0	0	0	1	0	0	0	0	0	0	0	0	0	0	0
16Szotu236	0	7	1	7	2	5	3	3	0	0	1	1	1	0	1	0	1	2	2	0	5	6	1	1	2	0	4	1	0	2	0	0	0	0	0	0
16Szotu483	0	3	2	2	2	15	1	1	1	0	0	5	0	2	0	6	3	1	2	0	0	0	8	6	0	0	1	6	2	6	0	0	0	0	0	0
16Szotu305	0	2	0	0	0	0	0	0	0	8	1	0	1	5	0	0	0	0	6	0	3	0	0	0	0	0	0	0	0	1	0	0	0	0	0	0
16Szotu8	0	1	0	0	0	107	18	1	0	5	5794	2316	6282	0	118	6640	2	380	1237	7	1	0	0	1	1	3182	2	2	0	0	0	0	0	0	0	0
16Szotu101	0	2	0	0	94	0	1	50	2	0	0	68	2	0	3	0	0	1	0	0	0	0	0	0	1	139	2	1	1	2	0	0	0	1	0	0
16Szotu326	0	1	0	33	30	0	31	7	6	6	0	0	3	7	1	0	0	0	12	0	0	0	0	0	0	0	0	0	0	0	0	0	0	0	0	0
16Szotu282	0	1	0	0	0	0	0	0	0	0	0	0	22	0	0	0	1	0	8	0	0	0	0	0	0	0	0	0	0	0	0	0	0	0	0	0
16Szotu259	0	1	3	5	4	0	9	2	0	0	0	0	2	0	8	0	0	0	1	0	0	0	6	3	2	0	1	1	0	0	0	0	0	0	0	0
16Szotu382	0	1	0	0	3	1	0	1	4	2	0	1	0	0	0	0	0	0	3	0	0	0	0	0	0	0	0	0	0	0	0	0	0	0	0	0
16Szotu19	0	0	5270	6	2	0	0	2	0	0	1	3	0	1	0	0	0	0	0	0	0	0	217	1	0	0	2838	9	0	0	0	0	0	0	0	0
16Szotu65	0	0	1245	6	0	0	0	0	0	0	0	2	0	0	0	0	0	0	0	0	0	0	0	0	0	0	0	0	0	0	0	0	0	0	0	0
16Szotu144	0	0	36	0	0	1	0	9	3	5	0	0	0	0	5	0	0	0	0	22	3	0	0	1	1	4	23	0	84	3	0	0	0	0	0	0
16Szotu46	0	0	173	0	0	1801	2	53	0	0	0	0	0	0	0	0	0	0	0	0	0	0	0	0	0	0	0	0	0	0	0	0	0	0	0	0
16Szotu373	0	0	30	1	0	1	0	2	0	0	0	6	1	0	2	0	0	0	2	10	0	0	0	1	0	4	22	0	67	2	0	0	0	0	0	0
16Szotu102	0	0	25	2	1	35	0	1	22	14	4	6	58	0	0	37	38	21	31	0	0	0	0	0	0	110	1	0	9	0	0	0	13	0	0	0
16Szotu196	0	0	1	0	0	0	1	0	0	0	0	0	1	0	1	0	0	0	0	0	0	0	0	1	0	0	1	1	0	0	0	0	0	0	0	0
16Szotu187	0	0	3	0	0	1	0	0	8	0	1	5	0	3	41	0	7	1	0	3	5	0	0	0	0	3	0	0	0	11	0	0	0	0	0	0
16Szotu243	0	0	2	3	5	1	0	0	0	0	1	0	0	0	4	0	0	1	0	0	0	28	3	0	2	0	4	1	0	0	0	0	0	0	0	0
16Szotu423	0	0	1	0	0	16	0	8	3	0	0	0	0	1	0	0	6	0	0	2	0	0	1	4	0	3	1	1	0	1	0	0	0	0	0	0
16Szotu168	0	0	2	0	0	72	0	0	8	4	0	1	0	0	0	0	2	0	0	0	0	0	1	0	2	1	0	0	0	0	0	0	0	0	0	0
16Szotu343	0	0	2	0	0	0	0	0	5	0	0	3	0	4	0	0	0	5	1	0	0	0	11	6	29	0	39	11	12	27	0	0	0	0	0	0
16Szotu432	0	0	1	0	0	0	0	0	1	0	0	0	0	0	0	0	0	0	1	0	0	0	2	0	0	0	6	0	0	4	0	0	0	0	0	0
16Szotu491	0	0	1	0	0	14	0	1	0	0	0	1	3	0	1	0	0	0	2	0	0	0	0	0	0	1	0	0	0	0	0	0	0	0	0	0
16Szotu146	0	0	1	0	9	6	1	4	3	1	0	4	1	1	1	0	0	0	0	0	0	1	1	4	1	0	0	1	0	0	0	0	0	0	0	0
16Szotu70	0	0	0	844	326	54	3	0	0	0	0	217	0	64	0	0	1	34	0	0	0	0	16	0	0	734	0	0	0	1	0	0	0	0	0	0
16Szotu88	0	0	0	57	38	5	0	0	0	0	0	35	0	2	0	0	0	2	0	0	1	0	0	0	0	0	0	0	0	0	0	0	0	0	0	0
16Szotu181	0	0	0	1	0	0	0	1	0	0	0	10	8	0	0	0	0	89	0	0	6	0	0	3	0	0	0	0	0	0	1	0	0	1	0	0
16Szotu235	0	0	0	17	0	5	0	0	0	1	1	0	0	1	0	0	0	16	1	0	0	0	0	0	0	0	0	0	0	0	0	0	0	0	0	0
16Szotu262	0	0	0	5	6	2	6	3	0	1	0	0	1	0	5	1	0	0	0	0	0	10	1	1	2	1	4	0	2	0	0	0	0	0	0	0
16Szotu136	0	0	0	1	3	1	1	1	1	0	1	1	0	0	2	0	0	0	3	0	0	3	1	0	0	4	1	1	2	0	0	0	0	0	0	0
16Szotu309	0	0	0	3	2	1	0	0	6	25	9	0	0	1	0	0	0	0	1	0	0	0	0	0	0	0	0	0	0	0	0	0	0	0	0	0
16Szotu312	0	0	0	4	5	1	1	2	0	0	0	0	1	0	1	1	0	1	0	0	0	1	0	1	3	0	0	1	0	0	0	0	0	0	0	0
16Szotu434	0	0	0	2	0	0	0	0	0	0	0	0	0	0	0	0	0	0	0	0	1	0	0	4	0	0	0	0	0	0	0	0	0	4	0	0
16Szotu191	0	0	0	1	1	0	0	0	1	0	0	0	1	1	0	0	0	0	0	0	0	0	0	0	0	0	0	0	0	0	42	16	14	9	0	0
16Szotu62	0	0	0	1	1	2	6	3	0	1	0	0	0	3	0	0	0	0	0	2	2	0	0	0	3	2	16	0	35	0	0	0	0	0	0	0
16Szotu92	0	0	0	1	4	0	0	0	1	0	0	2	0	2	0	2	0	9	2	0	0	0	2	1	1	4	0	0	0	0	195	137	210	180	0	1
16Szotu23	0	0	0	1	1	22	3856	0	0	0	0	6	0	3	0	0	0	0	0	0	0	0	0	0	0	1853	1	9	0	41	3	12	0	0	0	0
16Szotu35	0	0	0	1	1	0	1	1	4	0	0	2	2	3	0	0	0	8	1	0	0	0	0	2	0	0	0	0	2	2	164	109	128	133	1378	1508
16Szotu503	0	0	0	2	0	0	0	0	0	0	0	0	0	1	0	0	0	0	0	0	0	0	0	0	0	0	0	0	0	0	0	7	0	0	0	0
16Szotu296	0	0	0	1	0	13	0	6	4	0	0	1	1	0	0	0	4	2	0	0	0	0	0	0	0	0	0	0	0	0	0	0	0	0	0	0
16Szotu182	0	0	0	1	1	0	0	0	0	0	0	1	0	9	0	1	0	0	0	0	1	0	0	0	0	0	0	0	1	0	27	16	29	7	0	1
16Szotu42	0	0	0	1	0	0	1	0	2	0	33	0	0	2387	0	0	0	1	2	0	0	0	0	0	0	0	0	0	0	0	0	0	0	0	0	0
16Szotu197	0	0	0	0	2	0	0	0	0	0	0	0	0	0	0	3	0	0	0	0	0	0	0	0	0	0	0	2	2	0	3	1	8	4	0	0
16Szotu49	0	0	0	0	11	0	0	1	10	0	1	6	0	2	0	3	1	23	3	0	0	0	0	1	1	6	0	0	0	4	547	448	632	407	0	0
16Szotu293	0	0	0	0	1	0	0	0	0	0	0	0	0	0	0	0	0	0	0	0	0	0	0	0	0	0	0	0	0	0	9	8	4	11	0	0
16Szotu173	0	0	0	0	1	0	0	0	0	0	0	0	0	0	0	0	0	0	0	0	0	0	0	0	0	0	0	0	0	0	17	11	19	10	0	0
16Szotu141	0	0	0	0	4	0	0	0	0	0	1	0	0	0	0	1	0	0	0	1	0	0	0	0	3	0	0	0	2	0	68	49	50	53	0	0
16Szotu80	0	0	0	0	4	1	0	0	1	0	0	5	0	1	0	0	0	14	4	0	0	1	0	0	0	6	1	0	0	4	255	219	263	197	0	0
16Szotu175	0	0	0	0	1	0	0	0	0	0	0	0	0	0	0	0	0	2	1	0	0	0	0	0	0	0	0	0	0	0	49	18	41	24	0	0
16Szotu157	0	0	0	0	2	0	0	0	0	0	0	0	0	0	0	0	0	1	1	0	0	0	0	0	2	0	0	1	0	0	48	26	47	29	0	0
16Szotu289	0	0	0	0	1	0	0	0	0	0	0	0	0	0	0	0	0	0	0	0	0	0	0	0	0	2	0	0	0	0	5	3	17	2	0	0
16Szotu499	0	0	0	0	1	0	0	0	0	0	0	0	0	0	0	0	0	0	0	0	0	0	0	0	0	0	0	0	0	0	0	2	4	5	0	0
16Szotu166	0	0	0	0	2	0	0	0	0	0	0	0	0	1	0	0	0	0	4	0	0	0	0	0	0	0	0	0	0	0	30	20	59	13	0	0
16Szotu244	0	0	0	0	2	0	0	0	0	0	2	0	0	0	0	0	0	0	0	0	0	0	0	0	0	0	0	0	0	0	0	49	3	0	0	0
16Szotu106	0	0	0	0	2	0	0	0	0	0	0	2	0	0	0	0	0	6	2	0	0	0	0	2	0	1	0	0	0	0	134	95	125	88	0	0
16Szotu109	0	0	0	0	1	0	0	0	0	0	0	1	0	0	0	3	0	2	2	0	0	0	2	0	0	2	0	0	2	0	108	85	90	72	0	0
16Szotu96	0	0	0	0	6	0	0	0	0	1	2	0	0	3	2	1	0	7	2	2	0	0	1	2	1	5	0	0	0	1	120	101	195	93	0	1
16Szotu143	0	0	0	0	2	0	0	0	1	0	0	0	0	0	0	1	0	2	1	1	0	0	0	0	0	1	0	0	0	1	57	55	55	41	0	0
16Szotu79	0	0	0	0	2	0	0	0	1	0	1	5	1	3	0	1	0	11	1	0	0	0	1	1	2	3	0	0	0	2	272	249	309	180	1	1
16Szotu86	0	0	0	0	3	1	0	0	0	0	0	4	0	1	0	0	0	18	4	0	1	0	0	0	1	7	0	0	0	0	219	128	296	244	0	0
16Szotu474	0	0	0	0	1	0	0	0	0	0	0	0	0	0	0	0	0	1	0	0	0	0	0	1	0	1	0	0	0	0	6	18	0	0	0	0
16Szotu325	0	0	0	0	1	0	0	1	0	0	0	0	0	0	3	1	0	0	0	0	0	0	0	0	0	0	0	0	0	0	13	2	8	3	0	0
16Szotu228	0	0	0	0	2	0	0	0	0	0	0	0	0	1	0	0	0	0	1	0	0	0	0	3	0	1	0	0	0	0	0	0	0	0	0	0
16Szotu202	0	0	0	0	2	0	1	0	1	0	1	0	0	0	3	0	0	0	0	0	1	0	1	0	0	1	0	0	1	0	29	14	14	9	0	0
16Szotu90	0	0	0	0	1	0	0	0	0	0	0	3	0	2	1	5	1	5	2	0	0	0	0	0	2	0	0	1	2	5	220	151	217	172	0	0
16Szotu158	0	0	0	0	2	0	0	0	0	0	0	2	0	0	0	0	0	1	2	0	0	0	1	0	0	1	0	1	0	1	70	47	61	49	0	0
16Szotu357	0	0	0	0	1	0	0	0	0	0	0	0	0	0	0	0	0	1	0	0	0	0	0	0	0	0	0	0	0	0	11	7	15	0	0	0
16Szotu327	0	0	0	0	1	0	0	0	0	0	0	0	0	0	0	0	0	2	0	0	0	0	0	0	0	0	1	0	0	0	12	8	8	4	0	0
16Szotu213	0	0	0	0	1	0	0	0	0	0	0	0	0	0	0	0	0	1	3	0	0	0	1	0	0	0	0	0	0	3	48	19	26	3	1	0
16Szotu140	0	0	0	0	2	22	6	0	0	51	1	1	6	0	0	0	0	0	0	79	0	0	0	0	1	0	2	0	0	4	0	8	0	5	0	0
16Szotu103	0	0	0	0	2	0	0	0	0	0	1	1	0	1	0	0	0	1	1	0	0	0	1	0	0	1	0	1	0	0	139	117	130	68	0	0
16Szotu252	0	0	0	0	1	0	0	0	0	0	0	0	0	0	0	0	0	0	1	0	0	0	0	0	0	0	0	0	0	2	15	11	20	10	0	0
16Szotu227	0	0	0	0	3	0	0	0	0	0	0	0	0	1	0	0	0	0	1	0	0	0	0	0	0	0	0	0	0	1	41	10	12	16	0	0
16Szotu408	0	0	0	0	1	0	0	0	0	0	0	0	0	0	0	0	0	0	0	0	0	0	0	0	0	0	0	0	0	0	7	4	11	9	0	0
16Szotu149	0	0	0	0	1	0	0	0	0	0	0	0	0	0	0	0	0	2	1	1	0	0	0	0	0	0	0	0	0	0	43	38	49	44	0	0
16Szotu113	0	0	0	0	1	0	0	0	2	0	0	1	0	0	0	2	0	13	1	0	0	0	0	0	0	3	0	0	0	3	198	75	112	38	2	1
16Szotu237	0	0	0	0	1	0	0	0	0	0	0	0	0	0	0	0	0	0	0	0	0	0	0	0	0	0	0	0	0	0	0	18	26	13	0	0
16Szotu410	0	0	0	0	1	0	0	0	0	0	0	0	0	0	0	1	0	0	0	0	0	0	0	0	0	0	0	0	0	0	8	2	5	2	0	0
16Szotu72	0	0	0	0	0	945	0	0	1	0	0	0	0	0	0	0	0	0	0	0	2	1	0	0	0	8	0	0	0	1	0	0	0	0	0	0
16Szotu284	0	0	0	0	0	43	0	8	0	0	0	0	0	0	1	0	1	2	0	4	0	0	2	14	2	16	5	6	0	4	0	0	0	0	0	0
16Szotu27	0	0	0	0	0	406	0	0	4	0	0	2	0	53	0	0	0	0	0	0	0	0	0	0	0	2876	0	0	0	1644	0	0	0	0	0	0
16Szotu354	0	0	0	0	0	16	0	0	0	0	0	0	0	0	0	0	0	0	0	0	0	0	0	0	0	0	0	0	0	4	0	0	0	0	0	0
16Szotu110	0	0	0	0	0	208	37	0	11	2	0	0	0	3	0	0	0	0	0	0	1	0	0	0	0	0	0	0	0	52	0	0	0	0	0	0
16Szotu165	0	0	0	0	0	85	0	0	0	0	0	6	0	0	0	0	8	0	0	0	0	0	0	0	0	0	0	0	0	0	0	0	0	0	0	0
16Szotu278	0	0	0	0	0	30	0	0	0	0	0	0	0	0	0	0	0	0	0	0	0	0	0	0	0	0	0	0	0	0	0	0	0	0	0	0
16Szotu219	0	0	0	0	0	59	0	0	0	0	0	0	0	0	0	0	0	0	0	0	0	0	0	0	0	0	0	0	0	0	0	0	0	0	0	0
16Szotu304	0	0	0	0	0	12	0	0	0	0	0	0	0	0	0	0	0	0	0	0	2	0	0	0	0	9	0	0	0	1	0	0	0	0	0	0
16Szotu430	0	0	0	0	0	12	0	0	0	0	0	0	0	0	0	0	0	0	0	0	0	0	0	0	0	0	0	0	0	1	0	0	0	0	0	0
16Szotu438	0	0	0	0	0	15	0	0	0	0	0	0	0	0	0	0	0	0	0	0	0	0	0	0	0	3	0	0	0	0	0	0	0	0	0	0
16Szotu376	0	0	0	0	0	13	0	0	2	0	0	0	0	2	0	0	0	0	0	0	1	0	0	0	0	0	0	0	0	3	0	0	0	0	0	0
16Szotu214	0	0	0	0	0	32	0	0	19	0	0	1	0	0	0	0	2	0	0	0	0	0	0	0	0	0	0	0	0	0	0	0	0	0	0	0
16Szotu164	0	0	0	0	0	40	0	0	63	0	0	0	0	0	0	0	0	0	0	0	0	0	0	0	0	0	0	0	0	0	0	0	0	0	0	0
16Szotu316	0	0	0	0	0	29	0	0	0	0	0	0	0	0	0	0	9	0	0	0	0	0	0	0	0	0	0	4	0	0	0	0	0	0	0	0
16Szotu258	0	0	0	0	0	35	0	0	0	0	0	0	4	0	0	0	0	0	0	0	0	0	0	0	0	0	0	0	0	0	0	0	0	0	0	0
16Szotu277	0	0	0	0	0	34	5	0	1	0	0	0	0	0	0	0	0	0	0	0	0	0	0	0	0	0	0	0	0	5	0	0	0	0	0	0
16Szotu505	0	0	0	0	0	2	0	0	5	1	0	0	0	0	0	0	2	0	0	0	0	0	0	0	0	0	0	0	0	0	0	0	0	0	0	0
16Szotu209	0	0	0	0	0	1	0	0	0	0	3	0	2	0	0	0	0	101	0	137	0	0	0	0	0	0	0	0	0	0	0	0	0	0	0	0
16Szotu34	0	0	0	0	0	25	0	0	745	4	149	0	0	1691	3	0	436	151	0	0	0	0	0	0	0	0	0	0	0	0	0	0	0	0	0	0
16Szotu486	0	0	0	0	0	4	0	0	6	0	0	0	0	0	1	11	11	2	1	0	0	0	0	0	0	0	0	0	0	0	0	0	0	0	0	0
16Szotu340	0	0	0	0	0	13	0	1	0	0	0	0	0	0	0	0	3	4	0	0	0	0	0	0	0	2	0	0	0	0	0	0	0	0	0	0
16Szotu443	0	0	0	0	0	15	0	0	0	0	0	0	0	0	0	0	0	0	0	0	0	0	0	0	0	0	0	0	0	0	0	0	0	0	0	0
16Szotu466	0	0	0	0	0	22	0	0	0	0	0	0	0	0	0	0	0	0	0	0	0	0	0	0	0	0	0	0	0	0	0	0	0	0	0	0
16Szotu160	0	0	0	0	0	4	0	0	20	0	2	4	86	0	0	0	0	0	0	0	0	0	0	1	0	0	0	0	0	0	0	1	0	0	0	0
16Szotu477	0	0	0	0	0	8	0	0	0	0	0	3	0	0	0	0	3	0	0	0	0	0	0	0	0	0	0	0	0	0	0	0	0	0	0	0
16Szotu329	0	0	0	0	0	9	0	0	12	0	0	0	1	0	0	0	0	0	0	0	3	0	0	0	0	0	0	0	0	1	0	0	0	0	0	0
16Szotu200	0	0	0	0	0	4	0	0	0	0	0	1	0	0	0	0	0	0	0	0	7	0	0	1	0	0	0	0	0	1	26	15	25	13	0	0
16Szotu39	0	0	0	0	0	4	0	0	1	0	87	2	2	1	0	0	0	2033	1	951	0	0	0	0	1	0	0	0	0	0	11	0	4	0	0	0
16Szotu311	0	0	0	0	0	5	0	0	0	0	0	0	0	0	0	0	0	1	2	0	1	0	0	0	0	0	0	0	0	0	6	2	10	17	0	0
16Szotu468	0	0	0	0	0	1	0	0	2	0	0	0	0	0	0	0	8	5	0	0	1	0	0	0	0	0	0	0	0	0	0	0	0	0	0	0
16Szotu212	0	0	0	0	0	9	1	0	0	0	2	4	12	0	1	0	13	1	1	3	5	0	1	0	0	4	0	0	2	4	0	0	0	0	0	0
16Szotu283	0	0	0	0	0	2	0	0	0	0	0	0	0	4	0	0	1	0	0	0	0	0	0	0	0	0	0	12	0	10	0	0	0	0	0	0
16Szotu98	0	0	0	0	0	5	0	0	31	49	0	3	3	13	0	0	3	9	19	97	137	0	2	0	0	0	0	23	0	66	0	0	0	0	0	0
16Szotu148	0	0	0	0	0	6	0	0	0	1	0	0	0	0	0	0	62	67	1	1	2	0	0	0	0	0	0	0	0	0	0	0	0	0	0	0
16Szotu132	0	0	0	0	0	1	0	1	0	0	0	0	0	0	1	0	0	0	0	0	174	0	0	0	0	0	0	0	0	0	0	0	0	0	0	0
16Szotu231	0	0	0	0	0	1	1	0	0	0	0	0	0	0	0	0	0	0	0	0	0	1	0	1	0	0	1	0	1	0	0	0	0	0	0	0
16Szotu395	0	0	0	0	0	2	0	0	0	0	0	0	0	0	0	0	0	0	0	0	0	0	0	0	1	0	0	0	0	0	0	0	0	0	0	0
16Szotu482	0	0	0	0	0	2	1	0	0	0	0	0	0	0	0	0	0	0	0	0	0	0	0	0	0	0	0	0	0	0	0	0	0	0	0	0
16Szotu145	0	0	0	0	0	1	0	0	0	0	1	0	0	0	0	0	0	134	1	1	0	0	0	0	0	0	0	0	0	0	0	0	0	0	0	0
16Szotu349	0	0	0	0	0	1	0	1	0	0	0	4	0	0	0	0	0	1	3	0	1	0	0	0	0	4	0	0	6	0	0	0	0	0	0	0
16Szotu184	0	0	0	0	0	1	0	0	32	0	0	0	0	0	0	23	13	2	11	0	0	0	0	0	0	0	0	0	0	0	0	0	0	0	0	0
16Szotu151	0	0	0	0	0	2	116	5	0	0	0	0	0	0	0	0	0	0	0	0	0	0	0	12	0	0	0	0	0	0	0	0	0	0	0	0
16Szotu121	0	0	0	0	0	2	0	0	0	0	0	29	9	4	0	0	2	0	16	1	3	0	0	0	0	25	1	0	153	0	0	0	0	0	0	0
16Szotu32	0	0	0	0	0	0	3	0	0	0	0	0	0	3229	2	0	0	0	0	2	0	0	4	0	0	0	0	0	0	0	0	0	0	0	0	0
16Szotu511	0	0	0	0	0	0	1	0	0	0	0	0	0	0	0	0	0	0	0	0	0	0	2	0	0	0	0	0	0	0	0	3	3	5	0	0
16Szotu192	0	0	0	0	0	0	1	0	1	0	0	0	0	0	0	2	0	5	2	0	0	0	0	0	0	0	0	0	0	0	61	48	47	36	0	0
16Szotu78	0	0	0	0	0	0	2	0	0	0	0	0	0	0	0	0	0	0	0	0	0	0	0	0	0	820	0	0	0	0	0	0	0	0	0	0
16Szotu133	0	0	0	0	0	0	1	0	0	0	0	0	0	0	0	0	0	0	0	0	2	1	0	0	0	0	0	1	0	0	9	221	5	6	0	0
16Szotu447	0	0	0	0	0	0	1	0	0	0	0	0	0	0	0	0	0	2	0	0	0	0	0	0	0	0	0	0	0	0	5	0	4	7	0	0
16Szotu351	0	0	0	0	0	0	1	0	0	0	0	0	0	0	0	0	0	0	0	19	0	0	0	0	0	0	0	0	0	0	0	0	0	0	0	0
16Szotu364	0	0	0	0	0	0	0	1	0	0	1	0	1	8	0	0	0	1	1	0	0	0	0	0	0	0	0	0	3	3	0	0	0	0	0	0
16Szotu352	0	0	0	0	0	0	0	1	0	0	0	0	0	0	0	0	0	0	0	0	0	0	0	0	0	0	0	0	0	0	10	4	13	1	0	0
16Szotu509	0	0	0	0	0	0	0	0	1	0	0	0	0	0	4	0	1	0	0	0	0	0	0	0	0	0	0	0	0	0	0	0	0	0	0	0
16Szotu138	0	0	0	0	0	0	0	0	3	0	0	0	0	0	0	0	2	0	0	0	0	0	0	0	0	0	0	0	0	0	0	0	0	0	0	0
16Szotu22	0	0	0	0	0	0	0	0	14	0	0	0	0	0	0	0	0	15	0	0	0	0	1	0	0	0	0	0	0	1	0	0	3	1	3209	3429
16Szotu234	0	0	0	0	0	0	0	0	5	2	1	5	1	0	15	0	0	1	12	0	0	0	0	0	0	0	0	0	0	0	0	0	0	0	0	0
16Szotu50	0	0	0	0	0	0	0	0	1	0	0	0	2	215	0	0	0	1269	7	0	0	0	0	0	0	0	0	0	0	0	0	0	0	0	0	0
16Szotu122	0	0	0	0	0	0	0	0	1	0	15	2	0	0	0	0	0	112	0	105	0	0	0	0	0	0	0	0	0	0	0	0	0	0	0	0
16Szotu402	0	0	0	0	0	0	0	0	4	0	0	0	0	0	0	12	1	0	4	0	0	0	0	0	0	0	0	0	0	0	0	0	0	0	0	0
16Szotu81	0	0	0	0	0	0	0	0	1	0	0	0	0	0	0	0	0	0	0	0	0	0	0	3	0	0	0	0	0	0	0	0	0	0	32	30
16Szotu230	0	0	0	0	0	0	0	0	1	0	0	0	0	0	0	0	0	0	0	0	0	0	0	0	0	0	0	0	0	0	25	11	17	3	0	0
16Szotu71	0	0	0	0	0	0	0	0	3	0	17	0	0	872	0	0	0	0	0	0	0	0	0	0	0	0	0	0	0	0	0	0	0	0	0	0
16Szotu69	0	0	0	0	0	0	0	0	1	0	0	0	0	0	0	0	0	0	0	0	0	0	0	0	0	0	0	0	0	0	0	0	0	0	425	599
16Szotu224	0	0	0	0	0	0	0	0	3	0	57	0	0	0	0	0	0	0	0	0	0	0	0	0	0	0	0	0	0	0	0	0	0	0	0	0
16Szotu520	0	0	0	0	0	0	0	0	2	0	0	0	0	0	0	0	0	2	0	0	0	0	0	0	0	0	0	0	0	0	4	0	10	0	0	0
16Szotu328	0	0	0	0	0	0	0	0	3	0	0	13	1	0	0	0	11	0	6	0	0	0	0	0	0	0	0	0	0	0	0	0	0	0	0	0
16Szotu105	0	0	0	0	0	0	0	0	1	0	0	0	0	0	0	0	0	2	0	0	0	0	0	0	0	0	0	0	0	0	0	0	0	0	233	262
16Szotu338	0	0	0	0	0	0	0	0	2	0	0	0	0	0	0	0	0	1	0	0	0	0	0	0	0	0	0	0	0	0	2	0	20	3	0	0
16Szotu223	0	0	0	0	0	0	0	0	1	0	0	0	0	0	0	0	0	0	0	0	0	0	0	0	0	1	0	0	0	0	36	2	21	12	0	0
16Szotu150	0	0	0	0	0	0	0	0	2	2	0	0	0	1	0	21	49	9	1	0	0	0	0	0	0	0	0	0	0	0	41	28	6	17	0	0
16Szotu83	0	0	0	0	0	0	0	0	2	0	0	8	0	0	0	0	17	3	0	0	0	0	0	0	0	0	0	0	0	1	0	0	0	0	0	0
16Szotu56	0	0	0	0	0	0	0	0	2	0	0	0	0	0	0	0	0	6	1	0	0	0	1	0	0	2	0	0	0	0	56	40	49	10	674	544
16Szotu128	0	0	0	0	0	0	0	0	1	10	8	1	54	0	0	5	0	1	125	5	0	0	1	0	0	0	0	0	0	1	0	0	0	0	0	0
16Szotu306	0	0	0	0	0	0	0	0	0	1	0	0	0	0	0	0	0	1	0	0	0	0	0	0	0	0	0	0	0	0	0	7	15	2	0	0
16Szotu204	0	0	0	0	0	0	0	0	0	32	10	1	6	2	1	0	4	8	10	0	0	0	0	0	0	0	0	0	0	1	0	0	0	0	0	0
16Szotu190	0	0	0	0	0	0	0	0	0	1	0	0	0	1	0	0	0	0	0	0	0	0	0	0	0	0	0	0	0	0	13	29	16	26	0	0
16Szotu275	0	0	0	0	0	0	0	0	0	1	0	0	0	0	0	0	0	0	0	0	0	0	0	0	0	0	0	0	0	0	0	0	0	0	0	0
16Szotu347	0	0	0	0	0	0	0	0	0	1	0	0	0	0	0	0	0	0	0	0	8	0	0	0	0	0	0	0	0	0	0	0	0	0	0	0
16Szotu365	0	0	0	0	0	0	0	0	0	0	2	1	0	0	0	0	0	5	0	17	0	0	0	0	0	0	0	0	0	0	0	0	0	0	0	0
16Szotu286	0	0	0	0	0	0	0	0	0	0	1	0	0	0	0	0	0	0	1	0	0	0	0	0	0	0	0	0	0	0	9	3	17	4	0	0
16Szotu446	0	0	0	0	0	0	0	0	0	0	1	0	0	0	0	0	0	0	0	0	0	0	0	0	0	0	0	0	0	0	0	11	0	0	0	0
16Szotu117	0	0	0	0	0	0	0	0	0	0	0	3	6	1	0	0	0	0	0	0	0	0	0	0	1	0	0	7	0	0	0	0	0	0	0	0
16Szotu342	0	0	0	0	0	0	0	0	0	0	0	2	1	0	0	0	0	0	0	0	0	0	0	0	0	0	0	0	0	0	0	0	1	3	0	0
16Szotu375	0	0	0	0	0	0	0	0	0	0	0	1	0	0	0	0	0	0	0	0	0	0	0	0	0	0	0	0	0	0	9	5	0	6	0	0
16Szotu490	0	0	0	0	0	0	0	0	0	0	0	2	0	0	0	0	0	0	0	0	0	0	0	0	0	0	0	0	0	0	1	3	4	0	0	0
16Szotu75	0	0	0	0	0	0	0	0	0	0	0	1	2	1	0	0	0	0	5	858	0	0	0	0	0	0	0	0	1	0	1	0	0	0	0	0
16Szotu380	0	0	0	0	0	0	0	0	0	0	0	1	0	0	0	0	0	0	0	0	0	0	0	0	0	1	0	0	0	0	4	2	20	0	0	0
16Szotu393	0	0	0	0	0	0	0	0	0	0	0	1	0	0	0	0	0	0	0	0	0	0	0	0	0	0	0	0	0	0	6	2	0	10	0	0
16Szotu418	0	0	0	0	0	0	0	0	0	0	0	1	0	0	0	0	0	0	1	0	0	0	0	0	0	0	0	0	0	0	0	0	0	13	0	0
16Szotu475	0	0	0	0	0	0	0	0	0	0	0	1	0	0	0	0	0	0	0	0	0	0	0	0	0	0	0	0	0	0	0	6	5	0	0	0
16Szotu111	0	0	0	0	0	0	0	0	0	0	0	16	298	0	0	0	0	0	0	0	0	0	0	0	0	0	0	0	0	0	0	0	0	0	0	0
16Szotu199	0	0	0	0	0	0	0	0	0	0	0	1	0	2	0	1	0	0	1	0	0	1	0	0	0	0	0	0	0	0	8	12	28	23	1	1
16Szotu221	0	0	0	0	0	0	0	0	0	0	0	1	0	0	5	0	0	0	0	0	2	0	0	0	25	3	0	0	14	1	0	0	0	0	0	0
16Szotu332	0	0	0	0	0	0	0	0	0	0	0	0	22	0	0	0	0	0	2	0	0	0	0	0	0	0	0	0	0	0	0	0	0	0	0	0
16Szotu348	0	0	0	0	0	0	0	0	0	0	0	0	1	0	0	0	0	0	0	0	0	0	0	0	0	0	0	0	0	0	4	4	1	16	0	0
16Szotu60	0	0	0	0	0	0	0	0	0	0	0	0	2	2	0	0	0	1	0	0	1356	0	8	0	0	0	0	0	4	0	0	5	0	4	0	0
16Szotu492	0	0	0	0	0	0	0	0	0	0	0	0	1	0	0	0	0	0	0	0	0	0	0	0	0	0	0	0	0	0	6	8	0	0	0	0
16Szotu176	0	0	0	0	0	0	0	0	0	0	0	0	1	0	0	0	0	1	0	0	0	0	0	0	0	0	0	0	0	0	0	0	0	0	65	48
16Szotu64	0	0	0	0	0	0	0	0	0	0	0	0	0	54	0	0	0	0	0	0	0	0	0	0	0	0	0	0	0	1220	0	0	0	0	0	0
16Szotu274	0	0	0	0	0	0	0	0	0	0	0	0	0	1	0	0	0	0	0	23	0	0	0	0	0	0	0	0	0	0	0	0	6	0	0	0
16Szotu269	0	0	0	0	0	0	0	0	0	0	0	0	0	1	0	0	0	2	0	0	0	0	0	0	0	0	0	0	0	0	28	3	2	9	0	0
16Szotu159	0	0	0	0	0	0	0	0	0	0	0	0	0	1	0	2	0	2	0	0	0	0	0	0	0	1	0	0	0	0	43	24	54	25	0	0
16Szotu58	0	0	0	0	0	0	0	0	0	0	0	0	0	13	0	0	0	0	0	0	0	0	382	409	544	25	66	0	0	102	0	0	0	0	0	0
16Szotu155	0	0	0	0	0	0	0	0	0	0	0	0	0	1	0	0	0	0	0	0	0	0	0	0	0	0	0	0	0	0	36	35	40	36	0	0
16Szotu345	0	0	0	0	0	0	0	0	0	0	0	0	0	1	0	0	0	0	0	0	0	0	0	0	0	0	0	0	0	0	1	1	5	15	0	0
16Szotu341	0	0	0	0	0	0	0	0	0	0	0	0	0	1	0	0	0	0	1	0	0	0	0	0	0	0	0	0	0	0	0	0	12	6	0	0
16Szotu392	0	0	0	0	0	0	0	0	0	0	0	0	0	1	0	0	0	1	0	0	0	0	0	0	0	0	0	0	0	0	1	12	0	0	0	0
16Szotu131	0	0	0	0	0	0	0	0	0	0	0	0	0	1	0	0	0	3	2	0	0	0	0	0	0	2	0	0	0	1	50	86	84	39	0	0
16Szotu130	0	0	0	0	0	0	0	0	0	0	0	0	0	2	0	0	0	1	0	0	0	0	0	0	0	0	0	0	0	0	77	77	96	52	0	0
16Szotu417	0	0	0	0	0	0	0	0	0	0	0	0	0	2	0	0	0	0	0	0	0	0	0	0	0	0	0	0	0	0	7	0	3	0	0	0
16Szotu294	0	0	0	0	0	0	0	0	0	0	0	0	0	1	0	0	0	0	0	0	0	0	0	0	0	0	0	0	0	0	10	7	11	5	0	0
16Szotu267	0	0	0	0	0	0	0	0	0	0	0	0	0	0	1	0	0	0	0	0	0	0	0	0	0	0	0	0	0	0	12	16	15	10	0	2
16Szotu479	0	0	0	0	0	0	0	0	0	0	0	0	0	0	0	4	13	0	0	0	0	0	0	0	0	0	0	0	0	0	1	0	0	0	0	0
16Szotu161	0	0	0	0	0	0	0	0	0	0	0	0	0	0	0	1	0	1	1	0	0	0	0	0	0	0	0	0	0	1	39	35	49	31	0	0
16Szotu222	0	0	0	0	0	0	0	0	0	0	0	0	0	0	0	1	0	1	0	0	0	0	0	0	0	2	0	0	0	0	13	15	30	15	0	0
16Szotu285	0	0	0	0	0	0	0	0	0	0	0	0	0	0	0	1	0	0	0	0	0	0	0	0	0	0	0	0	0	0	6	12	11	16	0	1
16Szotu333	0	0	0	0	0	0	0	0	0	0	0	0	0	0	0	1	0	0	0	0	0	1	0	0	0	0	0	0	0	2	5	9	0	15	0	0
16Szotu363	0	0	0	0	0	0	0	0	0	0	0	0	0	0	0	1	0	0	0	0	0	0	0	0	0	0	0	0	0	0	8	0	11	7	0	0
16Szotu336	0	0	0	0	0	0	0	0	0	0	0	0	0	0	0	1	0	3	0	0	0	0	0	0	0	0	0	0	0	0	14	3	5	2	0	0
16Szotu517	0	0	0	0	0	0	0	0	0	0	0	0	0	0	0	1	0	0	0	0	0	0	0	0	0	0	0	0	0	0	13	0	1	0	0	0
16Szotu507	0	0	0	0	0	0	0	0	0	0	0	0	0	0	0	1	0	0	0	0	0	0	0	0	0	0	0	0	0	0	2	0	5	0	0	0
16Szotu388	0	0	0	0	0	0	0	0	0	0	0	0	0	0	0	0	12	7	0	0	0	0	0	0	0	0	0	0	0	0	0	0	0	0	0	0
16Szotu307	0	0	0	0	0	0	0	0	0	0	0	0	0	0	0	0	16	7	0	0	0	0	0	0	0	0	0	0	0	0	0	0	0	0	0	0
16Szotu377	0	0	0	0	0	0	0	0	0	0	0	0	0	0	0	0	10	5	0	0	0	0	0	0	0	0	0	0	0	0	0	0	0	0	0	0
16Szotu495	0	0	0	0	0	0	0	0	0	0	0	0	0	0	0	0	10	1	0	0	0	0	0	0	0	0	0	0	0	0	0	0	0	0	0	0
16Szotu17	0	0	0	0	0	0	0	0	0	0	0	0	0	0	0	0	0	7646	16	13	0	0	0	0	0	0	0	0	0	0	0	0	0	0	0	2
16Szotu127	0	0	0	0	0	0	0	0	0	0	0	0	0	0	0	0	0	199	0	0	0	0	0	0	0	0	0	0	0	0	0	0	0	0	0	0
16Szotu229	0	0	0	0	0	0	0	0	0	0	0	0	0	0	0	0	0	3	43	2	0	0	0	0	0	0	0	0	0	0	0	0	0	0	0	0
16Szotu454	0	0	0	0	0	0	0	0	0	0	0	0	0	0	0	0	0	10	0	0	0	0	0	0	0	0	0	0	0	0	0	0	0	0	0	0
16Szotu270	0	0	0	0	0	0	0	0	0	0	0	0	0	0	0	0	0	29	0	0	0	0	0	0	0	0	0	0	0	0	0	6	0	0	0	0
16Szotu77	0	0	0	0	0	0	0	0	0	0	0	0	0	0	0	0	0	2	0	0	848	0	0	0	0	0	0	0	0	0	1	0	0	0	0	0
16Szotu493	0	0	0	0	0	0	0	0	0	0	0	0	0	0	0	0	0	1	0	0	0	0	0	0	0	0	0	0	0	0	7	0	3	0	0	0
16Szotu52	0	0	0	0	0	0	0	0	0	0	0	0	0	0	0	0	0	6	0	0	0	0	1	0	0	0	0	2	0	0	0	0	0	2	696	965
16Szotu201	0	0	0	0	0	0	0	0	0	0	0	0	0	0	0	0	0	63	0	0	0	0	0	0	0	0	0	0	0	0	0	0	0	0	0	0
16Szotu367	0	0	0	0	0	0	0	0	0	0	0	0	0	0	0	0	0	3	0	0	0	0	0	0	0	0	0	0	0	0	5	5	13	2	0	0
16Szotu369	0	0	0	0	0	0	0	0	0	0	0	0	0	0	0	0	0	1	0	0	0	0	0	0	0	0	0	0	0	0	3	3	9	8	0	0
16Szotu247	0	0	0	0	0	0	0	0	0	0	0	0	0	0	0	0	0	1	0	0	0	0	0	0	0	1	0	0	0	0	22	9	10	7	0	0
16Szotu356	0	0	0	0	0	0	0	0	0	0	0	0	0	0	0	0	0	2	0	0	0	0	0	0	1	0	0	0	0	0	2	0	11	7	0	0
16Szotu529	0	0	0	0	0	0	0	0	0	0	0	0	0	0	0	0	0	1	0	0	0	0	0	0	0	0	0	0	0	0	0	4	3	0	0	0
16Szotu467	0	0	0	0	0	0	0	0	0	0	0	0	0	0	0	0	0	1	0	0	0	0	0	0	0	0	0	0	0	0	1	1	8	0	0	0
16Szotu215	0	0	0	0	0	0	0	0	0	0	0	0	0	0	0	0	0	1	0	0	0	0	0	1	0	0	0	0	0	0	17	13	24	17	0	0
16Szotu404	0	0	0	0	0	0	0	0	0	0	0	0	0	0	0	0	0	1	0	0	0	0	0	0	0	0	0	0	0	0	0	0	0	0	35	35
16Szotu264	0	0	0	0	0	0	0	0	0	0	0	0	0	0	0	0	0	2	0	0	0	0	0	0	0	0	0	0	0	0	2	18	0	9	0	0
16Szotu416	0	0	0	0	0	0	0	0	0	0	0	0	0	0	0	0	0	1	0	0	0	0	0	0	0	0	0	0	0	0	3	5	5	3	0	0
16Szotu57	0	0	0	0	0	0	0	0	0	0	0	0	0	0	0	0	0	4	0	0	0	0	0	0	0	0	0	0	0	0	0	0	0	0	762	793
16Szotu205	0	0	0	0	0	0	0	0	0	0	0	0	0	0	0	0	0	1	0	0	0	1	0	0	0	0	0	0	0	0	0	0	0	0	160	194
16Szotu129	0	0	0	0	0	0	0	0	0	0	0	0	0	0	0	0	0	1	0	0	0	0	0	0	0	0	0	0	0	0	5	2	2	0	99	101
16Szotu251	0	0	0	0	0	0	0	0	0	0	0	0	0	0	0	0	0	1	0	0	0	0	0	0	0	0	0	0	0	0	19	10	11	5	0	0
16Szotu524	0	0	0	0	0	0	0	0	0	0	0	0	0	0	0	0	0	1	0	0	0	0	0	0	0	1	0	0	0	0	6	1	5	0	0	0
16Szotu435	0	0	0	0	0	0	0	0	0	0	0	0	0	0	0	0	0	1	0	0	0	0	0	0	0	0	0	0	0	0	0	3	1	10	0	0
16Szotu171	0	0	0	0	0	0	0	0	0	0	0	0	0	0	0	0	0	1	0	0	0	0	0	0	1	0	0	0	0	0	29	29	29	28	0	0
16Szotu291	0	0	0	0	0	0	0	0	0	0	0	0	0	0	0	0	0	2	0	0	0	0	0	0	0	0	0	0	0	0	1	12	7	5	0	0
16Szotu442	0	0	0	0	0	0	0	0	0	0	0	0	0	0	0	0	0	1	0	0	0	0	0	0	0	1	0	0	0	0	9	3	0	0	0	0
16Szotu433	0	0	0	0	0	0	0	0	0	0	0	0	0	0	0	0	0	1	0	0	0	0	0	0	0	0	0	0	0	0	13	3	4	13	0	0
16Szotu123	0	0	0	0	0	0	0	0	0	0	0	0	0	0	0	0	0	0	248	1	0	0	0	0	0	0	0	0	0	0	0	0	0	0	0	0
16Szotu163	0	0	0	0	0	0	0	0	0	0	0	0	0	0	0	0	0	0	105	2	0	0	0	0	0	0	0	0	0	0	0	0	0	0	0	0
16Szotu272	0	0	0	0	0	0	0	0	0	0	0	0	0	0	0	0	0	0	25	3	0	0	0	0	0	0	0	0	0	0	0	0	0	0	0	0
16Szotu463	0	0	0	0	0	0	0	0	0	0	0	0	0	0	0	0	0	0	1	0	0	0	0	0	0	0	0	0	0	0	10	0	0	1	0	0
16Szotu436	0	0	0	0	0	0	0	0	0	0	0	0	0	0	0	0	0	0	1	0	0	0	0	0	0	0	0	0	0	0	8	1	19	1	0	0
16Szotu246	0	0	0	0	0	0	0	0	0	0	0	0	0	0	0	0	0	0	2	0	0	0	0	0	0	0	0	0	0	0	10	9	20	19	0	0
16Szotu240	0	0	0	0	0	0	0	0	0	0	0	0	0	0	0	0	0	0	1	0	0	0	0	0	0	0	0	0	0	0	8	5	18	9	0	0
16Szotu276	0	0	0	0	0	0	0	0	0	0	0	0	0	0	0	0	0	0	2	0	0	0	0	0	0	1	0	0	0	0	9	0	22	12	0	0
16Szotu232	0	0	0	0	0	0	0	0	0	0	0	0	0	0	0	0	0	0	1	0	0	0	0	0	0	0	0	0	0	0	19	5	20	7	0	0
16Szotu437	0	0	0	0	0	0	0	0	0	0	0	0	0	0	0	0	0	0	1	0	0	0	0	0	0	0	0	0	0	0	3	0	4	8	0	0
16Szotu339	0	0	0	0	0	0	0	0	0	0	0	0	0	0	0	0	0	0	1	0	0	0	0	0	0	0	0	0	0	0	0	2	1	2	0	0
16Szotu485	0	0	0	0	0	0	0	0	0	0	0	0	0	0	0	0	0	0	1	0	0	0	0	0	0	0	0	0	0	0	8	4	2	0	0	0
16Szotu522	0	0	0	0	0	0	0	0	0	0	0	0	0	0	0	0	0	0	0	69	0	0	0	0	0	27	0	0	0	0	0	0	0	0	0	0
16Szotu85	0	0	0	0	0	0	0	0	0	0	0	0	0	0	0	0	0	0	0	725	0	0	0	0	1	0	0	0	2	0	0	0	0	0	0	0
16Szotu241	0	0	0	0	0	0	0	0	0	0	0	0	0	0	0	0	0	0	0	56	0	0	0	0	0	0	0	0	0	0	0	0	0	0	0	0
16Szotu488	0	0	0	0	0	0	0	0	0	0	0	0	0	0	0	0	0	0	0	27	0	0	0	0	0	0	0	0	0	0	0	0	0	0	0	0
16Szotu370	0	0	0	0	0	0	0	0	0	0	0	0	0	0	0	0	0	0	0	15	0	0	0	0	0	0	0	0	0	0	0	0	0	0	0	0
16Szotu530	0	0	0	0	0	0	0	0	0	0	0	0	0	0	0	0	0	0	0	3	0	0	0	0	0	0	0	0	0	0	0	0	0	0	0	0
16Szotu153	0	0	0	0	0	0	0	0	0	0	0	0	0	0	0	0	0	0	0	2	0	0	2	0	0	0	0	0	0	0	42	12	45	24	0	0
16Szotu455	0	0	0	0	0	0	0	0	0	0	0	0	0	0	0	0	0	0	0	1	0	0	0	0	0	22	0	0	0	0	0	0	0	0	0	0
16Szotu125	0	0	0	0	0	0	0	0	0	0	0	0	0	0	0	0	0	0	0	0	205	0	0	0	0	0	0	0	0	0	0	0	0	0	0	0
16Szotu441	0	0	0	0	0	0	0	0	0	0	0	0	0	0	0	0	0	0	0	0	11	0	0	0	0	0	0	0	0	0	0	0	0	0	0	0
16Szotu112	0	0	0	0	0	0	0	0	0	0	0	0	0	0	0	0	0	0	0	0	24	0	0	0	0	280	0	0	2	0	0	0	0	0	0	0
16Szotu473	0	0	0	0	0	0	0	0	0	0	0	0	0	0	0	0	0	0	0	0	0	1	0	0	0	0	0	0	2	0	5	5	1	3	0	0
16Szotu359	0	0	0	0	0	0	0	0	0	0	0	0	0	0	0	0	0	0	0	0	0	0	19	0	0	0	0	0	0	0	0	0	0	0	0	0
16Szotu411	0	0	0	0	0	0	0	0	0	0	0	0	0	0	0	0	0	0	0	0	0	0	16	0	0	0	0	0	0	0	0	0	0	0	0	0
16Szotu273	0	0	0	0	0	0	0	0	0	0	0	0	0	0	0	0	0	0	0	0	0	0	2	0	0	0	0	0	0	0	8	2	4	18	0	0
16Szotu531	0	0	0	0	0	0	0	0	0	0	0	0	0	0	0	0	0	0	0	0	0	0	0	1	0	1	0	0	0	0	2	4	3	1	0	0
16Szotu401	0	0	0	0	0	0	0	0	0	0	0	0	0	0	0	0	0	0	0	0	0	0	0	1	0	1	0	0	0	0	8	0	11	2	0	0
16Szotu303	0	0	0	0	0	0	0	0	0	0	0	0	0	0	0	0	0	0	0	0	0	0	0	1	0	0	0	0	0	0	6	12	3	3	0	0
16Szotu82	0	0	0	0	0	0	0	0	0	0	0	0	0	0	0	0	0	0	0	0	0	0	0	0	0	50	0	0	0	0	0	0	0	0	0	0
16Szotu137	0	0	0	0	0	0	0	0	0	0	0	0	0	0	0	0	0	0	0	0	0	0	0	0	0	181	0	0	0	0	0	0	0	0	0	0
16Szotu413	0	0	0	0	0	0	0	0	0	0	0	0	0	0	0	0	0	0	0	0	0	0	0	0	0	164	0	0	0	0	0	0	0	0	0	0
16Szotu513	0	0	0	0	0	0	0	0	0	0	0	0	0	0	0	0	0	0	0	0	0	0	0	0	0	1	0	0	0	0	6	0	7	7	0	0
16Szotu280	0	0	0	0	0	0	0	0	0	0	0	0	0	0	0	0	0	0	0	0	0	0	0	0	0	1	0	0	0	0	13	5	9	2	0	0
16Szotu225	0	0	0	0	0	0	0	0	0	0	0	0	0	0	0	0	0	0	0	0	0	0	0	0	0	2	0	0	0	0	18	8	30	5	0	0
16Szotu226	0	0	0	0	0	0	0	0	0	0	0	0	0	0	0	0	0	0	0	0	0	0	0	0	0	1	0	0	0	1	12	27	13	13	0	0
16Szotu281	0	0	0	0	0	0	0	0	0	0	0	0	0	0	0	0	0	0	0	0	0	0	0	0	0	1	0	0	0	1	12	5	15	6	0	0
16Szotu256	0	0	0	0	0	0	0	0	0	0	0	0	0	0	0	0	0	0	0	0	0	0	0	0	0	1	0	0	0	0	14	10	13	3	0	0
16Szotu360	0	0	0	0	0	0	0	0	0	0	0	0	0	0	0	0	0	0	0	0	0	0	0	0	0	0	0	1	0	0	3	8	4	5	0	0
16Szotu322	0	0	0	0	0	0	0	0	0	0	0	0	0	0	0	0	0	0	0	0	0	0	0	0	0	0	0	1	19	8	0	0	0	0	0	0
16Szotu498	0	0	0	0	0	0	0	0	0	0	0	0	0	0	0	0	0	0	0	0	0	0	0	0	0	0	0	2	0	0	0	0	0	0	15	25
16Szotu134	0	0	0	0	0	0	0	0	0	0	0	0	0	0	0	0	0	0	0	0	0	0	0	0	0	0	0	0	180	1	0	0	0	0	0	0
16Szotu324	0	0	0	0	0	0	0	0	0	0	0	0	0	0	0	0	0	0	0	0	0	0	0	0	0	0	0	0	0	1	7	9	5	5	0	0
16Szotu195	0	0	0	0	0	0	0	0	0	0	0	0	0	0	0	0	0	0	0	0	0	0	0	0	0	0	0	0	0	1	29	24	24	14	0	0
16Szotu469	0	0	0	0	0	0	0	0	0	0	0	0	0	0	0	0	0	0	0	0	0	0	0	0	0	0	0	0	0	1	2	2	0	6	0	0
16Szotu391	0	0	0	0	0	0	0	0	0	0	0	0	0	0	0	0	0	0	0	0	0	0	0	0	0	0	0	0	0	1	8	1	7	0	0	0
16Szotu480	0	0	0	0	0	0	0	0	0	0	0	0	0	0	0	0	0	0	0	0	0	0	0	0	0	0	0	0	0	1	0	0	5	4	0	0
16Szotu398	0	0	0	0	0	0	0	0	0	0	0	0	0	0	0	0	0	0	0	0	0	0	0	0	0	0	0	0	0	0	14	0	6	0	0	0
16Szotu299	0	0	0	0	0	0	0	0	0	0	0	0	0	0	0	0	0	0	0	0	0	0	0	0	0	0	0	0	0	0	11	2	7	6	0	0
16Szotu301	0	0	0	0	0	0	0	0	0	0	0	0	0	0	0	0	0	0	0	0	0	0	0	0	0	0	0	0	0	0	17	0	12	2	0	0
16Szotu319	0	0	0	0	0	0	0	0	0	0	0	0	0	0	0	0	0	0	0	0	0	0	0	0	0	0	0	0	0	0	17	0	9	0	0	0
16Szotu374	0	0	0	0	0	0	0	0	0	0	0	0	0	0	0	0	0	0	0	0	0	0	0	0	0	0	0	0	0	0	2	2	4	10	0	0
16Szotu500	0	0	0	0	0	0	0	0	0	0	0	0	0	0	0	0	0	0	0	0	0	0	0	0	0	0	0	0	0	0	8	0	0	0	0	0
16Szotu501	0	0	0	0	0	0	0	0	0	0	0	0	0	0	0	0	0	0	0	0	0	0	0	0	0	0	0	0	0	0	10	2	2	0	0	0
16Szotu465	0	0	0	0	0	0	0	0	0	0	0	0	0	0	0	0	0	0	0	0	0	0	0	0	0	0	0	0	0	0	12	0	2	5	0	0
16Szotu297	0	0	0	0	0	0	0	0	0	0	0	0	0	0	0	0	0	0	0	0	0	0	0	0	0	0	0	0	0	0	15	6	8	3	0	0
16Szotu253	0	0	0	0	0	0	0	0	0	0	0	0	0	0	0	0	0	0	0	0	0	0	0	0	0	0	0	0	0	0	21	14	4	8	0	0
16Szotu242	0	0	0	0	0	0	0	0	0	0	0	0	0	0	0	0	0	0	0	0	0	0	0	0	0	0	0	0	0	0	18	2	9	16	0	0
16Szotu378	0	0	0	0	0	0	0	0	0	0	0	0	0	0	0	0	0	0	0	0	0	0	0	0	0	0	0	0	0	0	1	3	8	7	0	0
16Szotu470	0	0	0	0	0	0	0	0	0	0	0	0	0	0	0	0	0	0	0	0	0	0	0	0	0	0	0	0	0	0	6	4	2	1	0	0
16Szotu346	0	0	0	0	0	0	0	0	0	0	0	0	0	0	0	0	0	0	0	0	0	0	0	0	0	0	0	0	0	0	12	1	2	6	0	0
16Szotu314	0	0	0	0	0	0	0	0	0	0	0	0	0	0	0	0	0	0	0	0	0	0	0	0	0	0	0	0	0	0	14	4	4	1	0	0
16Szotu321	0	0	0	0	0	0	0	0	0	0	0	0	0	0	0	0	0	0	0	0	0	0	0	0	0	0	0	0	0	0	8	4	5	15	0	0
16Szotu397	0	0	0	0	0	0	0	0	0	0	0	0	0	0	0	0	0	0	0	0	0	0	0	0	0	0	0	0	0	0	4	0	5	6	0	0
16Szotu506	0	0	0	0	0	0	0	0	0	0	0	0	0	0	0	0	0	0	0	0	0	0	0	0	0	0	0	0	0	0	5	8	11	5	0	0
16Szotu515	0	0	0	0	0	0	0	0	0	0	0	0	0	0	0	0	0	0	0	0	0	0	0	0	0	0	0	0	0	0	17	5	32	16	0	0
16Szotu521	0	0	0	0	0	0	0	0	0	0	0	0	0	0	0	0	0	0	0	0	0	0	0	0	0	0	0	0	0	0	4	4	3	9	0	0
16Szotu452	0	0	0	0	0	0	0	0	0	0	0	0	0	0	0	0	0	0	0	0	0	0	0	0	0	0	0	0	0	0	6	6	2	3	0	0
16Szotu450	0	0	0	0	0	0	0	0	0	0	0	0	0	0	0	0	0	0	0	0	0	0	0	0	0	0	0	0	0	0	4	5	5	2	0	0
16Szotu211	0	0	0	0	0	0	0	0	0	0	0	0	0	0	0	0	0	0	0	0	0	0	0	0	0	0	0	0	0	0	29	21	23	24	0	0
16Szotu487	0	0	0	0	0	0	0	0	0	0	0	0	0	0	0	0	0	0	0	0	0	0	0	0	0	0	0	0	0	0	6	2	3	0	0	0
16Szotu384	0	0	0	0	0	0	0	0	0	0	0	0	0	0	0	0	0	0	0	0	0	0	0	0	0	0	0	0	0	0	4	7	7	5	0	0
16Szotu514	0	0	0	0	0	0	0	0	0	0	0	0	0	0	0	0	0	0	0	0	0	0	0	0	0	0	0	0	0	0	9	3	0	3	0	0
16Szotu302	0	0	0	0	0	0	0	0	0	0	0	0	0	0	0	0	0	0	0	0	0	0	0	0	0	0	0	0	0	0	8	15	0	0	0	0
16Szotu255	0	0	0	0	0	0	0	0	0	0	0	0	0	0	0	0	0	0	0	0	0	0	0	0	0	0	0	0	0	0	10	13	19	12	0	0
16Szotu516	0	0	0	0	0	0	0	0	0	0	0	0	0	0	0	0	0	0	0	0	0	0	0	0	0	0	0	0	0	0	4	3	4	2	0	0
16Szotu428	0	0	0	0	0	0	0	0	0	0	0	0	0	0	0	0	0	0	0	0	0	0	0	0	0	0	0	0	0	0	9	6	0	1	0	0
16Szotu381	0	0	0	0	0	0	0	0	0	0	0	0	0	0	0	0	0	0	0	0	0	0	0	0	0	0	0	0	0	0	9	0	3	5	0	0
16Szotu310	0	0	0	0	0	0	0	0	0	0	0	0	0	0	0	0	0	0	0	0	0	0	0	0	0	0	0	0	0	0	6	1	1	0	0	0
16Szotu462	0	0	0	0	0	0	0	0	0	0	0	0	0	0	0	0	0	0	0	0	0	0	0	0	0	0	0	0	0	0	8	5	8	2	0	0
16Szotu379	0	0	0	0	0	0	0	0	0	0	0	0	0	0	0	0	0	0	0	0	0	0	0	0	0	0	0	0	0	0	6	2	6	2	0	0
16Szotu290	0	0	0	0	0	0	0	0	0	0	0	0	0	0	0	0	0	0	0	0	0	0	0	0	0	0	0	0	0	0	6	8	9	4	0	0
16Szotu431	0	0	0	0	0	0	0	0	0	0	0	0	0	0	0	0	0	0	0	0	0	0	0	0	0	0	0	0	0	0	2	5	2	11	0	0
16Szotu424	0	0	0	0	0	0	0	0	0	0	0	0	0	0	0	0	0	0	0	0	0	0	0	0	0	0	0	0	0	0	2	8	3	2	0	0
16Szotu409	0	0	0	0	0	0	0	0	0	0	0	0	0	0	0	0	0	0	0	0	0	0	0	0	0	0	0	0	0	0	7	8	2	3	0	0
16Szotu476	0	0	0	0	0	0	0	0	0	0	0	0	0	0	0	0	0	0	0	0	0	0	0	0	0	0	0	0	0	0	5	5	3	4	0	0
16Szotu512	0	0	0	0	0	0	0	0	0	0	0	0	0	0	0	0	0	0	0	0	0	0	0	0	0	0	0	0	0	0	2	6	0	0	0	0
16Szotu405	0	0	0	0	0	0	0	0	0	0	0	0	0	0	0	0	0	0	0	0	0	0	0	0	0	0	0	0	0	0	2	0	10	8	0	0
16Szotu385	0	0	0	0	0	0	0	0	0	0	0	0	0	0	0	0	0	0	0	0	0	0	0	0	0	0	0	0	0	0	5	8	7	1	0	0
16Szotu519	0	0	0	0	0	0	0	0	0	0	0	0	0	0	0	0	0	0	0	0	0	0	0	0	0	0	0	0	0	0	4	4	4	7	0	0
16Szotu358	0	0	0	0	0	0	0	0	0	0	0	0	0	0	0	0	0	0	0	0	0	0	0	0	0	0	0	0	0	0	10	5	1	7	0	0
16Szotu337	0	0	0	0	0	0	0	0	0	0	0	0	0	0	0	0	0	0	0	0	0	0	0	0	0	0	0	0	0	0	3	0	14	0	0	0
16Szotu523	0	0	0	0	0	0	0	0	0	0	0	0	0	0	0	0	0	0	0	0	0	0	0	0	0	0	0	0	0	0	7	0	3	3	0	0
16Szotu415	0	0	0	0	0	0	0	0	0	0	0	0	0	0	0	0	0	0	0	0	0	0	0	0	0	0	0	0	0	0	7	5	0	5	0	0
16Szotu315	0	0	0	0	0	0	0	0	0	0	0	0	0	0	0	0	0	0	0	0	0	0	0	0	0	0	0	0	0	0	9	0	15	10	0	0
16Szotu265	0	0	0	0	0	0	0	0	0	0	0	0	0	0	0	0	0	0	0	0	0	0	0	0	0	0	0	0	0	0	5	12	21	3	0	0
16Szotu318	0	0	0	0	0	0	0	0	0	0	0	0	0	0	0	0	0	0	0	0	0	0	0	0	0	0	0	0	0	0	6	5	5	14	0	0
16Szotu313	0	0	0	0	0	0	0	0	0	0	0	0	0	0	0	0	0	0	0	0	0	0	0	0	0	0	0	0	0	0	3	6	5	16	0	0
16Szotu383	0	0	0	0	0	0	0	0	0	0	0	0	0	0	0	0	0	0	0	0	0	0	0	0	0	0	0	0	0	0	1	4	10	6	0	0
16Szotu412	0	0	0	0	0	0	0	0	0	0	0	0	0	0	0	0	0	0	0	0	0	0	0	0	0	0	0	0	0	0	7	7	0	3	0	0
16Szotu245	0	0	0	0	0	0	0	0	0	0	0	0	0	0	0	0	0	0	0	0	0	0	0	0	0	0	0	0	0	0	1	2	0	1	0	0
16Szotu464	0	0	0	0	0	0	0	0	0	0	0	0	0	0	0	0	0	0	0	0	0	0	0	0	0	0	0	0	0	0	1	0	0	0	0	0
16Szotu414	0	0	0	0	0	0	0	0	0	0	0	0	0	0	0	0	0	0	0	0	0	0	0	0	0	0	0	0	0	0	1	13	8	2	0	0
16Szotu406	0	0	0	0	0	0	0	0	0	0	0	0	0	0	0	0	0	0	0	0	0	0	0	0	0	0	0	0	0	0	1	7	5	7	0	0
16Szotu427	0	0	0	0	0	0	0	0	0	0	0	0	0	0	0	0	0	0	0	0	0	0	0	0	0	0	0	0	0	0	1	0	9	1	0	0
16Szotu425	0	0	0	0	0	0	0	0	0	0	0	0	0	0	0	0	0	0	0	0	0	0	0	0	0	0	0	0	0	0	3	3	4	4	0	0
16Szotu403	0	0	0	0	0	0	0	0	0	0	0	0	0	0	0	0	0	0	0	0	0	0	0	0	0	0	0	0	0	0	2	5	9	2	0	0
16Szotu353	0	0	0	0	0	0	0	0	0	0	0	0	0	0	0	0	0	0	0	0	0	0	0	0	0	0	0	0	0	0	2	4	12	2	0	0
16Szotu386	0	0	0	0	0	0	0	0	0	0	0	0	0	0	0	0	0	0	0	0	0	0	0	0	0	0	0	0	0	0	1	15	13	4	0	0
16Szotu189	0	0	0	0	0	0	0	0	0	0	0	0	0	0	0	0	0	0	0	0	0	0	0	0	0	0	0	0	0	0	0	85	0	0	0	0
16Szotu139	0	0	0	0	0	0	0	0	0	0	0	0	0	0	0	0	0	0	0	0	0	0	0	0	0	0	0	0	0	0	0	175	0	0	0	0
16Szotu279	0	0	0	0	0	0	0	0	0	0	0	0	0	0	0	0	0	0	0	0	0	0	0	0	0	0	0	0	0	0	0	30	0	0	0	0
16Szotu206	0	0	0	0	0	0	0	0	0	0	0	0	0	0	0	0	0	0	0	0	0	0	0	0	0	0	0	0	0	0	0	74	0	0	0	0
16Szotu152	0	0	0	0	0	0	0	0	0	0	0	0	0	0	0	0	0	0	0	0	0	0	0	0	0	0	0	0	0	0	0	121	0	0	0	0
16Szotu177	0	0	0	0	0	0	0	0	0	0	0	0	0	0	0	0	0	0	0	0	0	0	0	0	0	0	0	0	0	0	0	98	0	0	0	0
16Szotu257	0	0	0	0	0	0	0	0	0	0	0	0	0	0	0	0	0	0	0	0	0	0	0	0	0	0	0	0	0	0	0	45	0	0	0	0
16Szotu451	0	0	0	0	0	0	0	0	0	0	0	0	0	0	0	0	0	0	0	0	0	0	0	0	0	0	0	0	0	0	0	12	0	0	0	0
16Szotu460	0	0	0	0	0	0	0	0	0	0	0	0	0	0	0	0	0	0	0	0	0	0	0	0	0	0	0	0	0	0	0	6	8	0	0	0
16Szotu368	0	0	0	0	0	0	0	0	0	0	0	0	0	0	0	0	0	0	0	0	0	0	0	0	0	0	0	0	0	0	0	20	0	0	0	0
16Szotu295	0	0	0	0	0	0	0	0	0	0	0	0	0	0	0	0	0	0	0	0	0	0	0	0	0	0	0	0	0	0	0	26	0	0	0	0
16Szotu208	0	0	0	0	0	0	0	0	0	0	0	0	0	0	0	0	0	0	0	0	0	0	0	0	0	0	0	0	0	0	0	68	0	1	0	0
16Szotu484	0	0	0	0	0	0	0	0	0	0	0	0	0	0	0	0	0	0	0	0	0	0	0	0	0	0	0	0	0	0	0	9	0	0	0	0
16Szotu527	0	0	0	0	0	0	0	0	0	0	0	0	0	0	0	0	0	0	0	0	0	0	0	0	0	0	0	0	0	0	0	11	0	0	0	0
16Szotu426	0	0	0	0	0	0	0	0	0	0	0	0	0	0	0	0	0	0	0	0	0	0	0	0	0	0	0	0	0	0	0	12	0	0	0	0
16Szotu334	0	0	0	0	0	0	0	0	0	0	0	0	0	0	0	0	0	0	0	0	0	0	0	0	0	0	0	0	0	0	0	20	0	0	0	0
16Szotu496	0	0	0	0	0	0	0	0	0	0	0	0	0	0	0	0	0	0	0	0	0	0	0	0	0	0	0	0	0	0	0	13	0	0	0	0
16Szotu489	0	0	0	0	0	0	0	0	0	0	0	0	0	0	0	0	0	0	0	0	0	0	0	0	0	0	0	0	0	0	0	13	0	0	0	0
16Szotu400	0	0	0	0	0	0	0	0	0	0	0	0	0	0	0	0	0	0	0	0	0	0	0	0	0	0	0	0	0	0	0	4	4	9	0	0
16Szotu461	0	0	0	0	0	0	0	0	0	0	0	0	0	0	0	0	0	0	0	0	0	0	0	0	0	0	0	0	0	0	0	12	0	0	0	0
16Szotu362	0	0	0	0	0	0	0	0	0	0	0	0	0	0	0	0	0	0	0	0	0	0	0	0	0	0	0	0	0	0	0	1	0	0	0	0
16Szotu448	0	0	0	0	0	0	0	0	0	0	0	0	0	0	0	0	0	0	0	0	0	0	0	0	0	0	0	0	0	0	0	0	10	0	0	0
16Szotu510	0	0	0	0	0	0	0	0	0	0	0	0	0	0	0	0	0	0	0	0	0	0	0	0	0	0	0	0	0	0	0	0	10	0	0	0
16Szotu518	0	0	0	0	0	0	0	0	0	0	0	0	0	0	0	0	0	0	0	0	0	0	0	0	0	0	0	0	0	0	0	0	8	0	0	0
16Szotu502	0	0	0	0	0	0	0	0	0	0	0	0	0	0	0	0	0	0	0	0	0	0	0	0	0	0	0	0	0	0	0	0	8	0	0	0
16Szotu445	0	0	0	0	0	0	0	0	0	0	0	0	0	0	0	0	0	0	0	0	0	0	0	0	0	0	0	0	0	0	0	0	11	0	0	0
16Szotu478	0	0	0	0	0	0	0	0	0	0	0	0	0	0	0	0	0	0	0	0	0	0	0	0	0	0	0	0	0	0	0	0	11	0	0	0
16Szotu420	0	0	0	0	0	0	0	0	0	0	0	0	0	0	0	0	0	0	0	0	0	0	0	0	0	0	0	0	0	0	0	0	3	16	0	0
16Szotu444	0	0	0	0	0	0	0	0	0	0	0	0	0	0	0	0	0	0	0	0	0	0	0	0	0	0	0	0	0	0	0	0	4	8	0	0
16Szotu399	0	0	0	0	0	0	0	0	0	0	0	0	0	0	0	0	0	0	0	0	0	0	0	0	0	0	0	0	0	0	0	0	13	0	0	0
16Szotu526	0	0	0	0	0	0	0	0	0	0	0	0	0	0	0	0	0	0	0	0	0	0	0	0	0	0	0	0	0	0	0	0	0	10	0	0
16Szotu361	0	0	0	0	0	0	0	0	0	0	0	0	0	0	0	0	0	0	0	0	0	0	0	0	0	0	0	0	0	0	0	0	0	2	0	0
16Szotu154	0	0	0	0	0	0	0	0	0	0	0	0	0	0	0	0	0	0	0	0	0	0	0	0	0	0	0	0	0	0	0	0	0	0	98	123
16Szotu355	0	0	0	0	0	0	0	0	0	0	0	0	0	0	0	0	0	0	0	0	0	0	0	0	0	0	0	0	0	0	0	0	0	0	48	46
16Szotu504	0	0	0	0	0	0	0	0	0	0	0	0	0	0	0	0	0	0	0	0	0	0	0	0	0	0	0	0	0	0	0	0	0	0	35	47
16Szotu372	0	0	0	0	0	0	0	0	0	0	0	0	0	0	0	0	0	0	0	0	0	0	0	0	0	0	0	0	0	0	0	0	0	0	9	11
16Szotu169	0	0	0	0	0	0	0	0	0	0	0	0	0	0	0	0	0	0	0	0	0	0	0	0	0	0	0	0	0	0	0	0	0	0	49	44
16Szotu366	0	0	0	0	0	0	0	0	0	0	0	0	0	0	0	0	0	0	0	0	0	0	0	0	0	0	0	0	0	0	0	0	0	0	30	29
16Szotu389	0	0	0	0	0	0	0	0	0	0	0	0	0	0	0	0	0	0	0	0	0	0	0	0	0	0	0	0	0	0	0	0	0	0	6	1
16Szotu76	0	0	0	0	0	0	0	0	0	0	0	0	0	0	0	0	0	0	0	0	0	0	0	0	0	0	0	0	0	0	0	0	0	0	18	24
16Szotu198	0	0	0	0	0	0	0	0	0	0	0	0	0	0	0	0	0	0	0	0	0	0	0	0	0	0	0	0	0	0	0	0	0	0	7	6
