OTUId	B15S-01	B15S-02	B15S-03	B15S-04	B15S-05	B15S-06	B15S-07	B15S-08	B15S-09	B15S-10	B15S-11	B15S-12	B15S-13	B15S-14	B15S-15	B15S-16	B15S-17	B15S-18	B15S-19	B15SII-02	B16SI-01	B17SI-01	B17SI-02	B17SI-03	B17SI-05	B17SI-06	B17SI-07	B17SI-08	B17SI-09	B17SI-10	medium1	medium2	negative2	negative1	mock	standard
LSUzotu3	6736	1879	2	1	0	8	11	2	1254	4	61	4052	4272	32	43	251	27	4143	11	9481	945	886	20	1780	22	8911	10	0	2307	14	4	0	2	1	3187	0
LSUzotu1	11350	13054	33246	25162	16987	10974	19585	24632	13405	2936	6407	631	4674	710	9301	8414	2604	4367	252	36	130	27069	12341	9950	20387	10441	20687	8966	10380	8539	36	396	1	4	1	1
LSUzotu14	78	135	867	357	344	28	722	821	407	4	136	0	34	0	606	115	29	22	3	159	10	704	531	573	1355	142	854	63	594	27	1	1	0	0	181	0
LSUzotu15	1943	902	0	0	1	0	0	0	577	2	44	241	837	18	24	52	5	577	0	232	33	591	11	1151	11	1704	8	0	876	2	0	0	0	0	0	0
LSUzotu27	807	565	455	149	303	394	282	312	619	195	158	55	477	7	561	789	76	490	1	4	4	570	831	458	849	1840	1044	561	649	485	1	0	0	0	0	0
LSUzotu70	346	213	0	0	0	0	0	0	111	0	6	2	135	0	1	11	0	100	0	0	0	105	0	98	0	610	3	0	125	0	0	0	0	0	0	0
LSUzotu17	34	93	593	241	242	14	376	593	228	8	115	2	12	5	527	80	35	15	4	24	96	459	392	467	945	49	604	43	457	19	0	2	0	1	0	0
LSUzotu12	3943	0	0	6	6	0	0	88	0	0	0	3	0	257	2	0	4	0	0	24	6	0	11	2	0	23	1	3	5	4734	0	0	0	0	0	0
LSUzotu38	509	436	56	0	34	50	32	28	221	0	7	27	313	1	3	81	0	158	0	0	1	352	15	94	28	1165	47	7	205	4	0	0	0	0	0	0
LSUzotu101	349	2	0	0	0	0	0	0	0	0	0	0	0	0	0	0	0	0	12	15	0	0	0	0	0	0	0	0	0	1	0	0	0	0	0	0
LSUzotu57	437	346	1	2	0	0	0	0	121	0	1	6	122	1	1	7	1	30	0	0	1	362	2	66	1	354	8	1	257	0	0	0	0	0	0	0
LSUzotu59	328	0	0	2	0	0	0	12	0	0	0	5	0	1	0	0	0	0	0	0	0	0	0	0	0	3	0	0	0	348	0	0	0	0	0	0
LSUzotu139	302	0	0	3	0	0	0	24	0	0	0	0	0	2	0	0	1	0	0	0	0	0	6	0	0	0	0	0	0	283	0	0	0	0	0	0
LSUzotu43	11	154	43	368	494	74	12	134	194	1	2	1	49	0	5	23	0	11	0	0	0	0	38	0	56	9	57	8	2	43	0	0	0	0	0	0
LSUzotu204	59	19	0	0	0	0	0	0	13	0	1	1	25	0	0	0	0	29	0	0	0	12	0	7	0	143	0	0	22	1	0	0	0	0	0	0
LSUzotu4	642	476	1727	1436	893	594	1028	1196	3467	76	587	57	255	19	3231	1129	280	259	100	2313	2023	2050	1525	1719	4032	1027	3590	307	3398	299	763	661	2	89	1353	3
LSUzotu247	11	0	0	0	0	0	0	0	0	0	0	0	0	0	0	0	0	0	0	0	0	0	0	0	0	0	0	0	0	0	0	0	0	0	0	0
LSUzotu253	57	0	0	0	0	0	0	0	0	0	0	0	0	0	0	0	0	0	3	1	0	0	0	0	0	0	0	0	0	0	0	0	0	0	0	0
LSUzotu184	165	0	0	0	0	0	0	14	0	0	0	5	0	0	0	0	0	0	0	0	0	0	0	0	0	2	0	0	0	163	0	0	0	0	0	0
LSUzotu208	131	0	0	0	0	3	0	5	0	0	1	0	0	0	0	107	24	0	0	0	0	0	49	0	0	0	3	0	0	180	0	0	0	0	0	0
LSUzotu42	86	0	0	2	0	0	0	1	0	0	0	0	0	0	0	0	0	0	0	0	0	2	1	0	0	2	0	0	0	79	0	0	0	0	0	0
LSUzotu40	22	32	215	78	78	16	80	95	63	0	14	0	8	0	73	24	1	0	0	0	0	218	111	61	343	36	331	11	74	1	0	0	0	0	0	0
LSUzotu135	104	0	0	0	0	0	0	6	0	0	0	0	0	1	0	0	0	0	0	0	0	0	0	0	0	0	0	0	0	81	0	0	0	0	0	0
LSUzotu55	437	0	0	0	4	0	0	40	0	0	0	0	0	36	1	0	2	0	0	0	0	0	3	0	0	0	0	0	0	562	0	0	0	0	0	0
LSUzotu50	2	2	19	11	10	1	21	13	10	0	3	0	0	0	4	0	1	0	0	0	0	41	14	4	51	7	53	0	4	0	0	0	0	0	0	0
LSUzotu2	370	1338	131	2348	3193	10223	49	374	3739	2871	136	4922	3536	3	159	1499	85	3674	32	66	6691	0	292	29	346	496	289	422	17	2396	15	1	0	40	1	0
LSUzotu11	51	96	0	22	1	610	0	318	0	44	0	0	0	0	15	0	10	0	0	0	8299	0	0	0	0	0	1	0	1	3	1	0	0	0	0	0
LSUzotu490	13	0	0	0	0	0	0	0	0	0	0	0	0	0	0	0	0	0	0	0	0	0	0	0	0	0	0	0	0	0	0	0	0	0	0	0
LSUzotu76	115	97	0	1	0	0	0	0	34	0	0	2	78	0	0	0	0	17	0	3	0	71	0	14	2	139	0	0	38	0	0	0	0	0	0	0
LSUzotu54	14	153	33	277	427	128	18	94	243	14	0	0	65	0	10	32	1	22	0	0	0	0	43	0	52	18	33	15	1	58	1	0	0	0	0	0
LSUzotu305	5	3	0	0	0	12	0	5	2	0	0	0	0	0	1	0	0	0	0	0	0	0	0	0	0	0	0	0	0	0	0	0	0	0	0	0
LSUzotu34	26	25	319	204	85	3	204	250	66	0	9	0	5	0	97	9	0	1	0	0	0	460	98	29	372	26	402	8	127	6	0	0	0	0	0	0
LSUzotu393	6	0	0	0	0	0	0	0	0	0	0	0	0	0	0	0	0	0	37	0	14	0	0	0	0	0	0	0	0	0	0	0	0	0	0	0
LSUzotu23	48	85	315	166	170	53	277	207	160	1	38	0	9	0	218	75	4	7	0	1	0	377	249	114	718	72	824	14	191	16	1	0	0	0	0	0
LSUzotu246	30	0	0	0	0	0	0	8	0	0	0	0	0	0	0	0	0	0	0	0	0	0	0	0	0	1	0	0	0	23	0	0	0	0	0	0
LSUzotu18	62	508	78	1301	2176	1235	36	465	1455	318	61	114	464	4	67	313	38	381	0	0	174	0	177	13	157	55	90	105	2	399	4	0	0	0	0	0
LSUzotu332	24	12	0	0	0	0	0	0	8	0	0	0	13	1	0	0	0	2	0	0	0	1	0	4	0	26	0	0	3	0	0	0	0	0	0	0
LSUzotu175	37	49	163	147	42	18	79	73	57	1	8	0	12	0	167	22	1	2	0	0	0	174	77	13	334	29	281	8	168	9	0	0	0	0	0	0
LSUzotu493	24	0	0	0	0	0	0	0	0	0	0	0	0	0	0	0	0	0	0	0	0	0	0	0	0	0	0	0	0	0	0	0	0	0	0	0
LSUzotu124	7	37	0	0	3	188	0	2	57	177	2	666	197	0	2	61	4	313	0	2	78	0	2	1	0	20	0	12	0	37	0	0	0	0	0	0
LSUzotu13	19	10	22	10	22	10	36	58	353	11	15	21	20	4	15	36	70	18	59	40	4	23	27	23	121	72	132	4	10	8	304	128	0	363	6736	55
LSUzotu172	13	38	8	0	1	0	2	2	8	0	1	0	9	0	0	3	0	3	0	0	0	37	0	2	0	35	2	0	10	0	0	0	0	0	0	0
LSUzotu61	16	22	139	110	51	6	95	106	47	0	4	0	1	0	50	6	1	0	0	0	0	223	62	21	210	25	196	2	107	6	0	0	0	0	0	0
LSUzotu22	49	48	206	118	87	50	94	114	111	8	35	0	20	0	203	114	6	17	0	0	3	312	155	61	540	156	576	34	261	14	0	0	0	0	0	0
LSUzotu25	21	47	254	96	131	19	112	150	58	0	2	0	10	0	86	22	3	2	0	0	0	453	109	22	434	55	428	8	77	4	0	0	0	0	0	0
LSUzotu9	5	1	449	4	267	3264	497	326	101	150	379	899	2	8	33	3603	22	17	407	0	0	0	252	0	142	856	670	196	1	239	15	2	0	6	0	0
LSUzotu115	48	18	0	0	0	0	0	0	3	0	1	4	31	0	0	2	0	22	0	0	0	3	0	4	0	238	0	0	4	0	0	0	0	0	0	0
LSUzotu168	24	34	170	131	52	20	65	84	49	0	4	0	3	0	116	17	8	1	0	0	1	251	70	20	290	38	283	16	142	17	1	0	0	0	0	0
LSUzotu322	14	9	0	0	0	0	0	0	20	0	0	1	16	0	1	0	0	7	0	83	4	5	0	3	0	61	0	0	40	0	0	0	0	0	21	0
LSUzotu16	4	11	0	0	0	35	0	0	516	3	105	114	1442	0	0	737	336	844	2625	732	1	0	1	0	55	10	0	4	0	13	0	0	0	0	0	0
LSUzotu343	5	3	0	0	0	5	0	8	0	0	0	0	0	0	0	41	9	0	0	0	0	0	0	0	0	0	4	0	0	10	0	0	0	0	0	0
LSUzotu21	34	252	37	360	657	883	9	114	544	79	5	28	327	0	22	144	1	157	0	0	3	0	61	0	63	71	54	48	1	210	5	0	0	0	0	0
LSUzotu20	21	0	0	0	0	288	3	21	0	2	2	3002	0	0	0	212	0	0	2	0	0	0	0	0	1	5	0	0	0	0	0	0	0	0	0	0
LSUzotu325	73	0	0	2	0	0	0	6	0	0	0	0	0	0	0	0	0	0	0	0	0	0	0	0	0	0	0	0	0	89	0	0	0	0	0	0
LSUzotu234	2	9	0	1	1	23	0	82	0	1	0	0	0	0	0	0	0	0	0	0	2	0	0	0	0	0	0	0	1	0	0	0	0	0	0	0
LSUzotu337	16	0	0	0	0	5	0	0	0	0	0	0	0	0	0	0	0	0	0	0	0	0	0	0	0	0	0	0	0	0	0	0	0	0	0	0
LSUzotu187	15	0	0	0	0	2	0	0	0	0	0	0	0	0	1	0	0	0	13	0	57	0	0	0	0	0	0	0	0	0	0	0	0	0	0	0
LSUzotu413	23	8	0	0	0	0	0	0	5	0	0	0	3	0	0	0	0	0	0	0	0	6	0	3	2	24	0	0	9	0	0	0	0	0	0	0
LSUzotu301	3	0	2	1	0	0	0	29	0	0	1	0	0	0	0	0	0	0	0	0	0	0	0	0	0	0	6	0	0	0	0	0	0	0	0	0
LSUzotu121	17	0	0	0	0	0	0	0	0	0	0	0	0	0	0	0	1	0	0	0	0	0	0	0	0	1	0	0	0	21	0	0	0	0	0	0
LSUzotu262	9	10	0	0	0	0	0	0	10	0	0	0	8	0	0	1	1	7	0	112	5	1	3	6	0	67	0	0	26	0	1	0	0	0	16	0
LSUzotu424	1	0	0	0	0	2	0	5	0	0	0	0	0	0	0	0	0	1	0	0	0	0	1	0	0	0	2	0	0	1	0	0	0	0	0	0
LSUzotu90	23	36	185	69	88	12	88	106	68	1	8	0	3	0	78	20	5	1	0	1	0	204	93	42	358	38	347	10	101	13	0	0	0	0	0	0
LSUzotu159	54	0	0	1	0	0	0	16	0	0	0	0	0	0	0	0	0	0	0	0	0	0	0	0	0	2	0	0	0	58	0	0	0	0	0	0
LSUzotu147	4	12	40	15	43	6	24	39	38	0	5	0	3	0	32	5	1	2	0	0	0	58	47	10	110	13	109	3	41	0	0	0	0	0	0	0
LSUzotu285	5	1	0	1	6	2	4	14	1	0	4	0	0	0	0	0	0	0	0	0	1	0	0	0	0	0	0	0	0	0	0	0	0	0	0	0
LSUzotu278	24	7	0	0	0	0	0	0	11	0	0	2	41	0	3	0	1	6	0	109	12	6	0	9	0	75	0	0	52	0	0	0	0	0	7	0
LSUzotu30	10	16	0	0	0	0	0	0	8	0	0	0	19	0	0	0	0	10	0	3	0	11	0	10	0	9	0	0	8	0	0	0	0	0	0	0
LSUzotu245	11	2	0	0	0	0	3	0	0	0	0	6	0	0	12	0	0	0	0	0	5	0	0	0	3	1	0	0	0	1	0	0	0	0	0	0
LSUzotu350	2	0	1	0	0	0	0	0	8	0	0	0	0	0	0	0	6	0	3	0	0	0	0	0	0	0	0	0	0	1	1	0	0	0	49	0
LSUzotu64	6	15	1	22	44	63	0	4	45	30	2	8	27	0	0	14	1	28	0	1	54	0	9	0	2	5	6	5	0	39	0	0	0	0	0	0
LSUzotu368	7	0	0	0	0	0	0	0	0	4	0	0	0	0	0	0	0	0	0	0	0	0	0	0	1	0	0	0	0	0	0	0	0	0	2	0
LSUzotu338	30	0	0	0	0	0	0	3	0	0	0	0	0	0	0	8	0	1	0	0	0	0	18	0	0	0	2	0	0	26	0	0	0	0	0	0
LSUzotu354	4	3	0	0	0	27	0	15	0	1	0	0	0	0	0	0	0	0	0	0	6	0	0	0	0	0	0	0	0	0	0	0	0	0	0	0
LSUzotu72	2	106	14	75	272	80	1	72	117	8	1	0	24	0	7	28	0	7	0	0	0	0	21	0	41	16	26	7	0	9	0	0	0	0	0	0
LSUzotu201	1	0	0	0	0	0	0	0	2	0	0	0	1	0	0	0	0	0	0	0	0	1	0	0	0	2	0	0	0	0	0	0	0	0	0	0
LSUzotu207	11	3	0	0	0	0	0	0	1	0	0	0	13	0	0	3	0	3	0	15	0	0	0	3	0	33	0	0	2	0	0	0	0	0	29	0
LSUzotu88	7	109	17	113	385	430	13	51	238	42	0	8	62	0	1	51	0	23	0	0	7	0	30	0	41	19	36	11	0	45	0	0	0	0	0	0
LSUzotu111	12	0	0	0	0	0	10	0	4	5	0	0	0	0	0	0	0	0	0	0	0	0	0	0	0	0	2	0	0	0	0	230	0	0	1	0
LSUzotu225	6	0	4	1	1	0	0	33	2	0	3	0	1	0	0	0	0	0	0	0	0	0	0	0	0	0	15	0	0	4	0	0	0	0	0	0
LSUzotu353	12	0	0	0	0	0	0	0	0	2	0	0	0	0	0	0	0	0	0	0	0	1	0	0	0	0	0	0	0	0	0	0	0	0	8	0
LSUzotu98	5	79	8	74	233	326	6	35	147	59	2	6	71	0	9	59	0	64	0	0	3	0	24	0	25	24	14	13	0	35	0	0	0	0	0	0
LSUzotu106	7	100	13	82	328	373	3	68	234	27	2	3	62	0	1	50	1	55	0	0	1	0	37	1	29	13	26	8	1	51	0	0	0	0	0	0
LSUzotu19	17	314	25	127	849	1627	13	83	928	317	28	20	368	0	23	220	4	371	0	0	4	0	100	11	69	79	52	59	0	141	0	0	0	0	0	0
LSUzotu299	14	3	0	0	0	0	0	0	4	0	0	1	16	0	1	2	0	6	0	98	0	12	0	10	0	108	0	0	20	0	0	0	0	0	41	0
LSUzotu502	1	0	4	0	0	0	0	9	0	0	0	0	0	0	0	0	0	1	0	0	0	0	0	0	0	0	5	0	0	1	0	0	0	0	0	0
LSUzotu491	2	0	0	0	0	0	1	0	0	0	0	0	0	0	2	0	0	0	0	0	0	0	0	0	0	3	0	0	0	0	0	0	0	0	0	0
LSUzotu477	5	0	0	0	0	60	0	4	0	0	0	22	0	0	0	26	0	0	0	0	0	0	0	0	0	0	0	0	0	0	0	0	0	0	0	0
LSUzotu74	4	13	84	20	16	5	45	28	9	0	0	0	3	0	6	1	2	0	0	0	0	141	38	9	136	5	122	0	8	0	0	0	0	0	0	0
LSUzotu467	5	7	0	0	0	0	0	0	4	0	0	0	3	0	0	0	0	1	0	0	0	7	0	3	0	15	0	0	8	0	0	0	0	0	0	0
LSUzotu117	11	45	3	27	122	282	0	25	122	22	2	8	66	0	2	43	2	49	0	0	0	0	13	0	26	25	24	17	0	40	0	0	0	0	0	0
LSUzotu265	4	21	0	0	4	48	0	0	28	1	0	2	49	0	0	17	0	29	0	0	0	0	0	0	0	10	2	0	0	0	0	0	0	0	0	0
LSUzotu391	4	6	0	0	0	0	0	0	5	0	0	0	10	0	0	0	0	0	0	2	0	4	0	1	0	17	0	0	19	0	0	0	0	0	1	0
LSUzotu52	5	7	0	22	17	48	0	1	25	2	1	3	28	0	2	8	0	6	0	0	7	0	0	0	2	1	1	5	0	23	0	0	0	0	0	0
LSUzotu380	5	12	0	0	0	1	0	0	17	0	0	0	5	0	0	2	0	5	0	3	0	9	1	10	2	34	0	0	20	0	0	0	0	0	0	0
LSUzotu125	2	1	1	0	0	3	0	0	0	0	0	0	1	0	1	0	0	1	0	0	0	3	1	2	5	3	3	0	0	0	0	0	0	0	0	0
LSUzotu123	3	0	0	0	0	33	0	15	0	0	0	114	0	0	0	31	0	0	0	0	0	0	0	0	0	0	0	0	0	0	0	0	0	0	0	0
LSUzotu78	6	1	17	12	5	0	14	22	11	0	1	0	3	0	11	0	1	0	0	2	0	24	12	15	31	3	32	1	17	0	0	0	0	0	1	0
LSUzotu331	1	5	0	1	0	7	0	18	0	0	0	0	0	0	0	0	0	0	0	0	0	0	0	0	0	0	0	0	0	0	0	0	0	0	0	0
LSUzotu352	1	5	0	0	0	0	0	0	9	0	0	77	47	0	0	0	0	35	0	2	2	0	0	0	2	9	0	0	0	0	0	0	0	0	0	0
LSUzotu44	9	2	41	37	22	1	59	48	22	0	6	0	0	0	26	1	2	3	0	3	0	55	22	30	55	5	48	3	28	0	0	0	0	0	0	0
LSUzotu258	4	0	0	25	0	34	0	0	0	2	2	0	0	0	0	0	0	0	0	0	0	0	0	0	0	0	0	0	0	0	0	0	0	0	0	0
LSUzotu306	8	0	0	0	0	0	0	4	0	0	1	0	2	0	0	27	0	1	0	0	0	0	75	0	0	0	0	0	0	11	0	0	0	0	0	0
LSUzotu363	4	0	3	0	1	0	0	5	0	0	0	0	0	0	0	0	0	0	0	0	0	0	0	0	0	0	4	0	0	0	0	0	0	0	0	0
LSUzotu91	4	68	17	67	272	99	2	49	131	20	5	2	48	0	1	29	0	9	0	0	0	0	24	4	27	6	29	14	2	13	0	0	0	0	0	0
LSUzotu236	2	0	0	0	0	0	0	0	0	11	0	5	0	0	0	15	8	3	4	0	9	0	0	0	4	0	0	0	0	2	0	0	0	0	0	0
LSUzotu436	1	2	0	0	0	0	0	0	5	0	0	62	29	0	0	0	0	34	0	3	5	0	0	0	0	3	0	0	0	0	0	0	0	0	0	0
LSUzotu356	3	0	2	0	1	0	0	13	0	0	0	0	0	0	0	0	0	0	0	0	0	0	0	0	0	0	6	0	0	0	0	0	0	0	0	0
LSUzotu449	1	0	0	0	0	7	0	3	0	1	0	0	0	0	0	0	0	0	0	0	56	0	0	0	0	0	0	0	1	0	0	0	0	0	0	0
LSUzotu77	5	0	0	0	0	0	0	0	1	106	8	72	0	0	0	68	20	54	16	18	76	0	0	0	4	0	0	0	0	67	0	0	0	0	0	0
LSUzotu451	2	0	0	0	0	48	0	3	0	0	0	12	0	0	0	19	0	0	0	0	0	0	0	0	0	0	0	0	0	0	0	0	0	0	0	0
LSUzotu379	5	8	0	5	1	39	0	59	0	1	0	0	1	0	0	0	0	0	0	0	10	0	0	0	0	0	0	0	0	0	0	0	0	0	0	0
LSUzotu33	4	6	22	21	14	22	15	8	113	4	6	2	8	1	22	67	6	8	0	19	39	26	19	15	112	18	71	13	48	14	4	0	0	7	33	0
LSUzotu318	3	4	0	0	3	45	0	0	16	4	0	1	9	0	0	9	2	5	0	0	0	0	3	0	0	7	0	3	0	10	0	0	0	0	0	0
LSUzotu89	1	36	11	37	176	270	4	18	147	35	1	5	22	0	3	36	1	40	0	0	0	0	20	0	10	8	5	8	0	27	0	0	0	0	0	0
LSUzotu156	1	13	0	7	24	196	0	1	39	9	0	8	38	0	0	11	0	37	0	0	2	0	1	0	3	6	0	6	0	9	0	0	0	0	0	0
LSUzotu113	1	0	0	0	0	0	0	0	0	6	6	150	0	0	1	5	1	0	1	0	0	0	0	0	0	1	1	0	0	122	0	0	0	0	0	0
LSUzotu308	2	0	0	0	0	0	0	0	0	0	0	5	0	0	0	0	0	3	0	21	0	0	0	0	0	0	0	0	0	0	0	0	0	0	113	0
LSUzotu481	2	0	0	0	0	0	0	0	0	0	0	0	0	0	0	0	0	0	0	0	13	0	0	0	0	0	0	0	0	0	0	0	0	0	0	0
LSUzotu334	2	0	0	0	0	0	0	0	1	0	0	0	5	0	0	0	0	0	0	0	0	0	0	2	0	15	0	0	0	0	0	0	0	0	0	0
LSUzotu112	2	0	0	0	0	0	0	0	0	0	0	0	0	0	0	0	0	0	0	29	0	0	0	0	0	0	0	0	0	273	0	0	0	0	0	0
LSUzotu220	1	4	0	0	0	0	0	0	0	0	0	14	0	0	0	0	0	2	0	2	114	0	0	0	0	1	0	0	0	0	0	0	0	0	0	0
LSUzotu32	4	49	8	195	145	71	5	24	113	4	4	3	47	0	6	9	4	16	0	0	0	0	11	3	15	7	10	6	1	16	0	0	0	0	0	0
LSUzotu433	1	11	0	0	7	36	0	0	3	11	0	3	15	0	0	10	0	6	0	0	0	0	1	0	0	11	0	7	0	5	0	0	0	0	0	0
LSUzotu62	1	1	40	45	4	0	24	25	13	0	3	0	0	0	37	1	1	0	0	0	0	47	28	5	52	9	65	4	32	2	0	0	0	0	0	0
LSUzotu345	1	0	0	0	0	0	0	0	2	0	0	0	1	0	0	1	2	0	0	5	0	0	0	0	0	8	0	0	4	0	1	0	0	0	2	0
LSUzotu203	3	3	1	0	18	68	0	0	8	11	0	5	18	0	0	4	0	9	0	0	0	0	2	0	0	10	0	1	0	4	0	0	0	0	0	0
LSUzotu29	1	0	1	0	0	0	0	0	0	0	0	2484	0	0	2	0	1	0	0	8	0	0	0	0	2	9	0	0	0	0	0	0	0	0	0	0
LSUzotu141	3	2	0	0	3	0	5	0	0	0	2	3	0	0	0	3	0	4	0	5	0	0	0	1	2	2	0	0	0	3	6	117	0	0	7	0
LSUzotu102	1	1	3	7	2	2	1	3	2	0	0	0	0	0	5	0	0	0	0	0	0	4	3	0	8	1	11	0	7	0	0	0	0	0	0	0
LSUzotu45	1	0	0	0	0	36	0	5	20	0	96	0	73	0	2	0	0	1002	0	1	0	0	18	0	1	0	0	0	0	0	0	0	0	0	0	0
LSUzotu5	0	1193	0	0	0	1	0	0	57	5726	493	0	287	14	2063	12	2	2208	22	4428	11	0	0	0	468	276	1770	8452	37	427	0	0	0	0	1	0
LSUzotu28	0	264	0	0	0	0	0	0	8	153	8	0	34	0	257	0	0	72	0	2	0	0	0	0	97	49	443	820	6	29	1	0	0	0	0	0
LSUzotu137	0	170	0	0	0	0	0	0	8	135	18	0	16	0	135	0	0	59	0	0	0	0	0	0	84	23	347	477	4	26	0	0	0	0	0	0
LSUzotu85	0	11	0	4	40	20	0	1	14	2	0	0	12	0	0	2	0	2	0	0	0	0	2	0	7	10	3	0	0	4	0	0	0	0	0	0
LSUzotu131	0	70	0	0	0	0	0	0	7	55	33	0	6	0	114	0	0	28	0	16	0	0	0	0	26	9	125	390	1	3	0	0	0	0	0	0
LSUzotu58	0	9	0	0	0	72	0	3	0	17	9	63	0	2	0	47	3	8	0	0	716	0	0	0	0	0	2	5	0	0	0	0	0	0	0	0
LSUzotu179	0	13	0	0	0	0	0	0	2	48	0	0	1	0	6	0	0	13	0	1	0	0	0	0	4	12	15	79	1	0	0	0	0	0	0	0
LSUzotu130	0	101	0	0	0	0	0	0	4	99	31	0	12	0	121	0	0	34	0	5	0	0	0	0	54	5	133	397	2	2	0	0	0	0	0	0
LSUzotu478	0	1	0	0	0	3	0	0	0	0	0	0	0	0	0	0	0	0	0	0	0	0	0	0	0	1	0	0	0	0	0	0	0	0	0	0
LSUzotu96	0	48	0	0	0	0	0	0	2	6	1	0	1	0	41	0	0	9	0	0	0	0	0	0	39	6	165	91	8	4	0	0	0	0	0	0
LSUzotu92	0	136	0	0	0	0	0	0	6	103	35	0	1	0	220	0	6	80	0	5	0	0	0	0	93	6	259	576	4	11	0	0	0	0	0	0
LSUzotu107	0	110	0	0	0	0	0	1	5	72	4	0	7	0	75	0	0	36	0	0	0	0	0	0	88	19	328	351	1	6	0	0	0	0	0	0
LSUzotu222	0	80	0	0	0	0	0	0	1	74	4	0	3	0	63	0	0	25	0	2	0	0	0	0	24	21	76	259	1	9	0	0	0	0	0	0
LSUzotu143	0	33	0	0	0	0	0	0	2	5	0	0	1	0	24	0	0	1	0	0	0	0	23	0	21	7	94	88	0	1	0	0	0	0	0	0
LSUzotu181	0	29	5	14	86	34	3	16	30	1	0	0	6	0	0	2	0	3	0	0	0	0	9	0	4	5	5	1	0	1	0	0	0	0	0	0
LSUzotu26	0	25	0	0	0	0	0	0	1	39	3	0	1	0	38	0	0	13	0	11	0	0	0	0	9	4	37	131	2	40	0	0	0	0	0	0
LSUzotu104	0	77	0	0	0	0	0	0	2	14	2	0	2	0	39	0	0	3	0	0	0	0	23	0	45	10	169	101	0	3	0	0	0	0	0	0
LSUzotu86	0	1	0	4	17	5	0	0	12	0	0	1	3	0	0	0	0	1	0	0	0	0	0	0	0	1	1	1	0	1	0	0	0	0	0	0
LSUzotu360	0	9	0	0	0	0	0	0	0	7	0	0	0	0	53	0	0	2	0	52	0	0	0	0	17	12	17	22	0	2	0	0	0	0	0	0
LSUzotu116	0	41	0	0	0	0	0	0	0	55	8	0	11	0	63	0	3	21	0	0	0	0	0	0	14	13	105	237	0	2	0	0	0	0	0	0
LSUzotu170	0	74	0	0	0	0	0	0	1	69	3	0	17	0	90	2	0	30	0	0	0	0	0	0	41	9	152	279	0	12	0	0	0	0	0	0
LSUzotu68	0	14	0	4	15	23	0	2	13	6	0	1	14	0	0	6	0	6	0	0	0	0	1	0	0	9	1	3	0	9	0	0	0	0	0	0
LSUzotu41	0	5	43	21	11	2	18	17	17	0	1	0	0	0	5	3	2	2	0	0	0	45	12	1	46	5	52	0	19	0	1	0	0	0	0	0
LSUzotu157	0	37	0	0	0	0	0	0	0	0	1	0	0	0	20	0	0	1	0	0	0	0	4	0	36	1	89	47	0	0	0	0	0	0	0	0
LSUzotu134	0	2	0	1	3	5	0	2	5	1	0	0	1	0	0	4	0	2	0	0	0	0	0	0	0	0	0	0	0	6	0	0	0	0	0	0
LSUzotu132	0	36	0	0	0	0	0	0	2	7	2	0	0	0	43	0	0	2	0	0	0	0	0	0	7	3	61	48	1	7	0	0	0	0	0	0
LSUzotu230	0	25	0	0	0	0	0	0	4	72	2	0	17	0	14	0	0	153	0	288	0	0	1	0	0	18	14	104	2	5	0	0	0	0	0	0
LSUzotu407	0	6	0	5	2	25	0	26	0	0	0	0	0	0	0	0	0	0	0	0	5	0	0	0	0	0	0	0	0	0	0	0	0	0	0	0
LSUzotu458	0	4	0	0	0	0	0	0	0	2	2	0	3	0	29	0	0	4	0	51	0	0	0	0	12	3	21	18	0	0	0	0	0	0	0	0
LSUzotu375	0	19	0	0	0	0	0	0	4	3	2	0	0	0	12	0	0	0	0	0	0	0	0	0	18	4	66	50	0	1	0	0	0	0	0	0
LSUzotu471	0	1	0	0	0	12	0	0	0	0	0	0	0	0	0	0	0	0	0	0	61	0	0	0	0	0	0	0	0	0	0	0	0	0	0	0
LSUzotu286	0	18	0	0	0	0	0	0	0	0	0	0	10	0	1	0	0	93	0	266	0	0	0	0	0	31	0	0	0	1	0	0	0	0	0	0
LSUzotu129	0	32	0	0	0	0	0	0	0	6	4	0	4	0	32	0	0	5	0	0	0	0	0	0	19	3	62	84	0	2	0	0	0	0	0	0
LSUzotu161	0	7	0	0	0	0	0	0	0	0	0	0	0	0	2	0	0	2	0	0	0	0	10	0	1	0	3	9	1	1	0	0	0	0	0	0
LSUzotu206	0	3	0	2	43	141	0	1	44	14	0	4	14	0	0	6	0	8	0	0	1	0	1	0	0	0	0	0	0	4	0	0	0	0	0	0
LSUzotu190	0	4	0	1	49	132	0	0	49	15	0	2	13	0	0	1	0	8	0	0	0	0	1	0	0	0	0	3	0	1	0	0	0	0	0	0
LSUzotu271	0	7	0	0	0	0	0	0	1	194	0	0	12	0	2	0	0	62	0	0	0	0	0	0	9	1	0	11	0	5	0	0	0	0	0	0
LSUzotu198	0	1	0	0	0	74	0	1	0	4	0	0	0	0	0	0	0	0	0	0	527	0	0	0	0	0	0	0	0	0	0	0	0	0	0	0
LSUzotu155	0	2	0	2	8	13	0	0	9	2	0	0	3	0	0	1	0	1	0	0	0	0	0	0	0	0	0	2	0	2	1	0	0	0	0	0
LSUzotu122	0	3	2	0	2	0	1	2	1	0	0	0	0	0	0	0	0	0	0	0	0	7	1	1	10	1	10	0	1	0	0	0	0	0	0	0
LSUzotu276	0	8	0	0	0	0	0	0	2	143	0	0	9	0	0	0	0	42	0	0	0	0	0	0	2	1	8	11	0	1	0	0	0	0	0	0
LSUzotu479	0	4	0	1	0	20	0	17	0	1	0	0	0	0	0	0	0	0	0	0	0	0	0	0	0	0	0	0	0	0	0	0	0	0	0	0
LSUzotu406	0	5	0	0	0	1	0	0	0	0	0	0	0	0	9	3	0	0	0	0	0	0	0	0	5	0	30	5	2	0	0	0	0	0	0	0
LSUzotu344	0	10	0	0	0	0	0	0	4	4	1	0	1	0	23	0	0	0	0	18	0	0	0	0	5	1	36	9	0	0	0	0	0	0	0	0
LSUzotu347	0	1	0	0	0	0	0	0	0	2	0	0	0	0	4	0	0	0	0	0	0	0	0	0	4	0	2	7	0	0	0	0	0	0	0	0
LSUzotu119	0	2	0	0	4	11	0	0	12	2	0	3	7	0	0	0	0	3	0	0	0	0	1	0	0	3	0	0	0	4	0	0	0	0	0	0
LSUzotu432	0	3	0	0	0	4	0	1	0	0	1	0	0	0	0	4	0	0	0	0	147	0	0	0	0	0	0	1	0	0	0	0	0	0	0	0
LSUzotu196	0	2	0	0	0	0	0	0	0	3	0	0	0	0	0	0	0	2	0	0	0	0	0	0	0	0	4	7	0	1	0	0	0	0	0	0
LSUzotu95	0	3	0	0	0	0	0	0	37	99	2	266	253	0	0	0	0	4	0	0	0	0	0	0	1	0	0	0	0	0	0	0	0	0	0	0
LSUzotu330	0	2	0	0	0	0	0	0	0	0	0	0	0	0	0	0	0	0	0	0	0	0	0	0	0	1	34	0	0	0	0	0	0	0	0	0
LSUzotu118	0	2	1	0	1	9	0	1	5	0	0	0	4	0	0	1	0	5	0	0	0	0	2	0	0	1	0	0	0	6	0	0	0	0	0	0
LSUzotu213	0	3	0	0	0	0	0	0	0	74	0	0	0	0	0	0	0	5	0	3	0	0	0	0	0	0	0	11	0	0	0	0	0	0	0	0
LSUzotu49	0	8	0	0	0	0	1	0	0	1065	24	0	0	0	0	0	0	0	0	0	0	0	0	0	0	0	0	0	0	0	0	0	0	0	0	0
LSUzotu69	0	1	0	1	7	6	1	0	3	0	0	0	0	0	0	1	0	1	0	0	0	0	1	0	7	6	0	0	0	2	0	0	0	0	0	0
LSUzotu173	0	1	0	0	0	0	0	0	0	0	0	0	0	0	0	0	0	1	0	0	0	0	17	0	0	1	1	5	0	0	0	0	0	0	0	0
LSUzotu110	0	3	10	4	2	0	3	2	2	0	1	0	0	0	3	1	0	0	0	0	0	12	0	0	5	3	9	0	4	1	0	0	0	0	0	0
LSUzotu127	0	2	0	0	0	0	0	0	100	7	0	3	297	0	0	0	0	47	0	0	0	0	0	0	0	0	0	0	0	0	0	0	0	0	0	0
LSUzotu355	0	3	0	0	0	0	0	0	0	0	1	0	0	0	1	1	0	0	0	0	0	4	1	0	7	3	2	0	0	0	0	0	0	0	0	0
LSUzotu463	0	2	0	0	0	15	0	12	0	2	0	0	0	0	0	0	0	0	0	0	1	0	0	0	0	0	0	0	0	0	0	0	0	0	0	0
LSUzotu333	0	1	0	0	0	0	0	0	0	0	0	0	0	0	0	0	0	0	0	0	0	0	0	0	2	0	0	0	1	0	0	0	0	0	0	0
LSUzotu263	0	1	0	0	1	46	0	0	4	2	0	20	13	0	0	2	0	6	0	0	0	0	0	0	0	0	0	0	0	0	0	0	0	0	0	0
LSUzotu415	0	2	0	0	0	0	0	1	2	0	0	0	0	0	0	4	2	0	0	0	0	0	29	0	0	0	4	0	0	0	0	0	0	0	0	0
LSUzotu386	0	3	0	1	18	23	0	1	8	0	0	0	1	0	5	1	0	1	0	0	24	0	3	0	1	0	1	0	0	1	0	0	0	0	0	0
LSUzotu342	0	1	0	0	0	40	0	2	0	2	0	0	1	0	0	0	0	0	0	0	144	0	0	0	0	0	0	0	0	0	0	0	0	0	0	0
LSUzotu128	0	0	49	0	18	13	62	23	2	0	2	0	0	0	4	19	0	0	0	0	0	0	6	0	12	5	58	1	0	3	0	0	0	0	0	0
LSUzotu36	0	0	455	2	179	497	753	378	28	16	159	31	0	6	6	807	19	0	61	0	0	0	167	0	60	114	347	49	0	49	1	0	0	0	0	0
LSUzotu177	0	0	24	0	18	63	47	19	0	0	0	0	0	0	2	75	0	0	0	0	0	0	15	0	3	15	35	2	0	0	0	0	0	0	0	0
LSUzotu154	0	0	61	0	27	78	54	29	3	1	7	0	0	0	7	92	3	0	0	0	0	0	14	0	16	27	76	11	0	8	0	0	0	0	0	0
LSUzotu229	0	0	14	0	6	55	16	16	1	0	0	0	0	0	0	54	0	0	0	0	0	0	9	0	8	17	16	2	0	2	2	0	0	0	0	0
LSUzotu39	0	0	12	0	9	112	22	13	2	9	15	18	0	0	0	62	0	0	13	0	0	0	3	0	11	2	8	9	0	5	0	0	0	0	0	0
LSUzotu65	0	0	4	0	4	2	7	1	0	0	4	0	0	0	0	2	0	0	11	0	0	0	0	0	2	0	5	0	0	0	0	0	0	0	0	0
LSUzotu120	0	0	17	0	17	107	20	11	3	2	8	0	0	0	0	163	0	0	0	0	0	0	13	0	9	34	36	6	0	1	0	0	0	0	0	0
LSUzotu335	0	0	16	11	6	0	9	1	7	0	3	1	0	0	10	0	2	0	0	0	3	20	7	15	1	3	8	0	12	0	0	0	0	0	0	0
LSUzotu327	0	0	4	0	2	51	3	4	0	0	0	2	0	0	0	40	0	0	0	0	0	0	1	0	3	15	10	2	0	4	0	0	0	0	0	0
LSUzotu109	0	0	1	1	2	0	10	2	1	0	0	0	0	0	2	0	0	0	0	0	0	5	5	1	16	0	6	0	4	0	0	0	0	0	0	0
LSUzotu435	0	0	2	0	4	23	6	1	0	0	2	2	0	0	0	18	0	0	0	0	0	0	2	0	0	15	11	3	0	3	0	0	0	0	0	0
LSUzotu442	0	0	1	0	0	0	0	0	0	0	0	0	0	0	0	3	0	0	0	0	0	0	0	0	0	14	0	0	0	0	0	0	0	0	0	0
LSUzotu460	0	0	1	0	0	0	0	0	0	0	0	1	0	0	0	0	0	0	0	0	0	0	0	0	0	1	0	7	0	0	0	0	0	0	0	0
LSUzotu224	0	0	1	0	4	24	0	3	5	0	1	1	1	0	0	3	0	0	0	0	0	0	1	0	0	2	0	3	0	2	0	0	0	0	0	0
LSUzotu87	0	0	0	47	1	176	0	0	2	24	30	187	2	2	0	0	0	8	22	1	0	0	0	0	0	0	0	0	0	0	0	0	0	0	0	0
LSUzotu261	0	0	0	1	0	0	0	0	0	0	0	0	0	0	0	0	0	0	0	0	0	0	0	2	0	0	0	0	0	0	0	0	0	0	0	0
LSUzotu475	0	0	0	1	0	4	0	2	0	0	0	0	0	0	0	0	0	0	0	0	1	0	0	0	0	0	0	0	0	0	0	0	0	0	0	0
LSUzotu191	0	0	0	1	18	94	0	0	14	9	0	1	8	0	0	2	0	14	0	0	0	0	0	0	0	0	0	0	0	3	0	0	0	0	0	0
LSUzotu6	0	0	0	1	0	0	0	0	1	0	0	0	0	0	1	0	3	852	21416	3019	0	0	0	0	0	0	0	0	0	0	0	0	0	0	0	0
LSUzotu446	0	0	0	0	1	0	0	9	0	0	0	0	0	0	0	0	0	0	0	0	0	0	0	0	0	0	1	0	0	0	0	0	0	0	0	0
LSUzotu126	0	0	0	0	1	1	0	0	0	0	0	0	0	0	0	0	0	0	0	1	0	0	0	0	0	0	0	0	0	0	202	0	0	0	0	0
LSUzotu272	0	0	0	0	2	4	0	0	1	1	0	0	0	0	0	0	0	0	0	0	0	0	0	0	0	1	0	0	0	0	0	0	0	0	0	0
LSUzotu290	0	0	0	0	6	190	0	0	2	2	0	35	0	0	0	62	0	0	0	0	0	0	4	0	0	2	1	0	0	2	0	0	0	0	0	0
LSUzotu314	0	0	0	0	6	19	0	0	1	4	0	0	5	0	0	0	0	1	0	0	0	0	0	0	0	0	0	0	0	0	0	0	0	0	0	0
LSUzotu105	0	0	0	0	2	12	2	2	0	1	2	0	0	0	0	4	0	0	7	0	0	0	0	0	0	1	3	0	0	0	0	0	0	0	0	0
LSUzotu437	0	0	0	0	2	16	0	0	0	0	0	3	0	0	0	0	0	0	0	0	0	0	0	0	0	0	0	0	0	0	0	0	0	0	0	0
LSUzotu447	0	0	0	0	2	1	0	0	0	0	0	0	0	0	0	2	0	0	0	0	0	0	0	0	0	4	0	0	0	0	0	0	0	0	27	0
LSUzotu35	0	0	0	0	1	0	0	0	0	0	1	0	0	0	0	1595	97	2	0	0	0	0	0	0	0	0	0	0	0	0	2	0	0	0	0	0
LSUzotu8	0	0	0	0	3	0	0	0	0	0	1	0	0	0	0	0	0	0	0	0	0	0	0	0	0	0	0	0	0	0	20	10602	0	0	0	0
LSUzotu367	0	0	0	0	2	29	0	0	0	0	0	3	0	0	0	3	0	0	0	0	0	0	0	0	0	0	0	0	0	0	0	0	0	0	0	0
LSUzotu166	0	0	0	0	0	3	0	0	0	1	0	11	0	0	0	0	0	0	0	21	0	0	1	0	0	0	0	0	0	0	0	0	0	0	0	0
LSUzotu364	0	0	0	0	0	14	0	1	0	0	0	0	0	0	0	0	0	0	0	0	0	0	0	0	0	0	0	0	0	0	0	0	0	0	0	0
LSUzotu401	0	0	0	0	0	8	0	0	0	0	0	10	0	0	0	0	0	0	0	0	0	0	0	0	0	0	0	0	0	0	0	0	0	0	0	0
LSUzotu84	0	0	0	0	0	56	1	2	0	21	139	0	0	0	1	0	0	0	260	0	2	0	0	0	0	0	12	0	0	1	0	0	0	0	7	0
LSUzotu494	0	0	0	0	0	5	0	0	4	0	23	0	8	0	2	0	0	39	0	0	0	0	4	0	0	0	0	0	0	0	0	0	0	0	0	0
LSUzotu383	0	0	0	0	0	11	0	0	0	0	0	13	0	0	0	0	0	0	0	0	0	0	0	0	0	0	0	0	0	0	0	0	0	0	0	0
LSUzotu284	0	0	0	0	0	20	0	0	0	0	0	0	0	0	0	0	0	0	0	0	131	0	0	0	0	0	0	0	0	0	0	0	0	0	0	0
LSUzotu357	0	0	0	0	0	4	0	0	0	0	2	1	0	0	0	15	0	0	0	0	0	0	0	0	0	9	0	3	0	0	0	0	0	0	0	0
LSUzotu365	0	0	0	0	0	16	0	0	0	1	0	0	0	0	0	0	0	0	0	0	99	0	0	0	0	0	0	0	0	0	0	0	0	0	0	0
LSUzotu298	0	0	0	0	0	11	0	0	0	0	0	119	0	0	0	0	0	0	0	0	0	0	0	0	0	0	0	0	0	0	0	0	0	0	0	0
LSUzotu461	0	0	0	0	0	7	0	0	0	0	0	6	0	0	0	0	0	0	0	0	0	0	0	0	0	0	0	0	0	0	0	0	0	0	0	0
LSUzotu100	0	0	0	0	0	42	0	0	0	4	0	0	0	5	0	0	0	1	397	2	0	0	0	0	0	0	0	0	0	0	0	0	0	0	0	0
LSUzotu46	0	0	0	0	0	51	0	6	0	65	15	130	0	0	0	1	1	0	0	843	0	0	57	0	1	0	0	8	0	0	0	0	0	0	0	0
LSUzotu232	0	0	0	0	0	45	0	17	0	0	0	4	0	0	0	0	0	0	0	0	0	0	0	0	0	0	0	0	0	0	0	0	0	0	0	0
LSUzotu387	0	0	0	0	0	18	0	0	0	0	0	2	2	0	0	7	0	0	0	0	1	0	0	0	0	0	0	0	0	0	0	0	0	0	0	0
LSUzotu400	0	0	0	0	0	10	0	10	0	0	0	2	0	0	0	3	0	0	0	0	0	0	0	0	0	0	0	0	0	0	0	0	0	0	0	0
LSUzotu500	0	0	0	0	0	6	0	0	2	0	0	0	4	0	0	0	0	90	0	2	0	0	0	0	0	0	0	0	0	0	0	0	0	0	0	0
LSUzotu51	0	0	0	0	0	9	0	0	0	0	248	6	0	0	0	12	23	0	1	598	0	0	0	0	0	4	1	0	1	9	0	0	0	0	0	0
LSUzotu489	0	0	0	0	0	4	0	0	0	0	0	15	0	0	0	0	0	0	0	0	0	0	0	0	0	3	0	0	0	0	0	0	0	0	0	0
LSUzotu371	0	0	0	0	0	8	0	0	0	0	0	74	0	0	0	2	0	0	0	0	0	0	0	0	0	0	0	0	0	0	0	0	0	0	0	0
LSUzotu316	0	0	0	0	0	2	0	0	0	0	50	1	0	50	0	2	0	0	0	0	0	0	0	0	0	0	0	0	0	0	0	0	0	0	0	0
LSUzotu264	0	0	0	0	0	4	0	0	4	0	0	125	0	0	0	22	0	0	0	0	0	0	1	0	0	192	0	0	0	0	0	0	0	0	0	0
LSUzotu464	0	0	0	0	0	6	0	0	0	0	0	0	0	0	0	0	0	0	0	0	30	0	0	0	0	0	0	0	0	0	0	0	0	0	0	0
LSUzotu346	0	0	0	0	0	10	0	0	0	0	0	35	0	0	0	0	0	0	0	0	0	0	0	0	0	0	0	0	0	0	0	0	0	0	0	0
LSUzotu420	0	0	0	0	0	4	0	0	0	0	5	0	0	0	0	138	30	0	0	0	0	0	0	0	0	0	11	0	0	3	0	0	0	0	0	0
LSUzotu405	0	0	0	0	0	5	0	0	0	0	0	0	0	0	0	0	0	0	0	0	69	0	0	0	0	0	0	0	0	0	0	0	0	0	0	0
LSUzotu376	0	0	0	0	0	1	0	0	0	0	0	57	0	0	0	0	0	0	0	0	0	0	0	0	0	0	0	0	0	0	0	0	0	0	0	0
LSUzotu456	0	0	0	0	0	2	0	0	0	0	0	0	0	0	0	37	13	0	0	0	0	0	0	0	0	1	0	0	0	0	2	0	0	0	0	0
LSUzotu287	0	0	0	0	0	8	0	0	0	0	11	14	0	0	0	0	0	0	0	0	0	0	0	2	0	0	2	0	0	0	0	0	0	0	0	0
LSUzotu492	0	0	0	0	0	6	0	0	0	0	0	17	0	0	0	0	0	0	0	0	0	0	0	0	0	0	0	0	0	0	0	0	0	0	0	0
LSUzotu403	0	0	0	0	0	2	0	0	0	0	0	26	0	0	0	0	0	0	0	0	0	0	0	0	0	0	0	0	0	0	0	0	0	0	0	0
LSUzotu188	0	0	0	0	0	1	1	2	0	0	1	0	0	0	0	0	0	0	14	0	0	0	0	0	0	0	1	0	0	1	0	0	0	0	0	0
LSUzotu211	0	0	0	0	0	3	0	0	0	0	0	0	0	36	0	0	0	1	86	6	0	0	0	0	0	0	0	0	0	0	0	0	0	0	0	0
LSUzotu167	0	0	0	0	0	3	0	0	0	0	0	2	0	0	0	0	0	2	146	13	0	0	0	0	0	0	0	0	0	0	0	0	0	0	0	0
LSUzotu182	0	0	0	0	0	3	0	0	0	0	0	0	0	0	0	0	0	0	13	0	0	0	0	0	0	0	0	0	0	0	0	0	0	0	0	0
LSUzotu473	0	0	0	0	0	0	1	0	0	0	0	88	0	0	0	0	0	0	0	0	0	0	0	0	0	0	0	0	0	0	0	0	0	0	0	0
LSUzotu259	0	0	0	0	0	0	0	12	0	0	0	0	0	0	0	0	0	0	0	0	0	0	0	0	0	0	0	0	0	0	0	0	0	0	0	0
LSUzotu192	0	0	0	0	0	0	0	117	0	0	0	0	0	0	0	0	0	0	0	0	0	0	0	0	0	0	0	0	0	0	0	0	0	0	0	0
LSUzotu468	0	0	0	0	0	0	0	2	0	0	0	0	0	0	0	0	0	0	0	0	0	0	0	0	0	0	0	0	0	0	0	0	0	0	0	0
LSUzotu480	0	0	0	0	0	0	0	8	0	0	0	0	0	0	0	0	0	0	0	0	0	0	0	0	0	0	0	0	0	0	0	0	0	0	0	0
LSUzotu242	0	0	0	0	0	0	0	1	0	0	0	143	0	0	0	0	0	0	0	0	0	0	0	0	0	0	0	0	0	0	0	0	0	0	0	0
LSUzotu31	0	0	0	0	0	0	0	0	219	6	0	3	1406	0	0	0	0	235	0	3	0	0	0	0	1	0	0	0	0	0	0	0	0	0	0	0
LSUzotu47	0	0	0	0	0	0	0	0	33	0	0	0	65	0	0	0	0	0	0	0	0	0	0	0	0	0	0	0	0	0	0	0	0	0	0	0
LSUzotu228	0	0	0	0	0	0	0	0	15	2	0	0	0	0	0	0	0	0	0	0	21	0	0	0	4	4	0	1	0	43	0	0	0	0	0	0
LSUzotu313	0	0	0	0	0	0	0	0	26	3	0	0	65	0	0	0	0	7	0	0	0	0	0	0	0	0	0	0	0	0	0	0	0	0	0	0
LSUzotu56	0	0	0	0	0	0	0	0	28	6	2	3	1	0	17	0	2	0	0	0	64	0	0	0	164	52	0	4	147	243	0	0	0	0	0	0
LSUzotu244	0	0	0	0	0	0	0	0	4	0	0	0	0	0	1	0	1	0	0	0	4	0	0	0	29	2	0	0	15	2	0	0	0	0	0	0
LSUzotu385	0	0	0	0	0	0	0	0	1	0	49	3	0	24	0	1	0	0	0	0	0	0	0	0	0	0	0	0	0	0	0	0	0	0	0	0
LSUzotu80	0	0	0	0	0	0	0	0	28	2	3	0	2	0	8	0	0	0	0	0	18	0	0	0	188	21	0	8	73	132	0	0	0	0	0	0
LSUzotu97	0	0	0	0	0	0	0	0	12	0	0	0	0	0	0	21	0	0	0	0	0	0	0	0	13	0	0	1	0	0	0	0	0	0	0	0
LSUzotu83	0	0	0	0	0	0	0	0	54	0	1	0	0	0	5	0	0	0	0	0	14	0	0	0	160	25	0	6	84	96	0	0	0	0	0	0
LSUzotu10	0	0	0	0	0	0	0	0	9	2	2336	925	10	6684	11	0	18	0	2	1	1	0	0	0	1	0	0	0	0	0	0	0	1	0	0	0
LSUzotu158	0	0	0	0	0	0	0	0	7	0	0	0	0	0	1	0	0	0	0	0	0	0	0	0	112	5	0	0	15	20	0	0	0	0	0	0
LSUzotu99	0	0	0	0	0	0	0	0	1	0	0	0	0	0	0	1	0	0	0	0	0	0	0	0	0	0	0	0	0	0	0	0	307	0	0	0
LSUzotu183	0	0	0	0	0	0	0	0	4	40	0	0	0	0	6	40	0	0	0	0	0	0	0	0	0	0	0	0	0	0	0	0	0	0	0	0
LSUzotu73	0	0	0	0	0	0	0	0	33	2	1	0	0	0	11	0	0	0	0	0	0	0	0	0	240	28	0	8	103	134	0	0	0	0	0	0
LSUzotu238	0	0	0	0	0	0	0	0	11	0	0	0	0	0	3	0	0	0	0	0	0	0	0	0	46	16	0	3	10	15	0	0	0	0	0	0
LSUzotu369	0	0	0	0	0	0	0	0	8	2	0	0	0	0	1	5	0	0	0	0	0	0	0	0	0	0	0	0	0	0	0	0	0	0	0	0
LSUzotu402	0	0	0	0	0	0	0	0	1	0	0	0	0	0	0	0	0	46	11	230	0	0	0	0	0	0	0	0	0	0	0	0	0	0	0	0
LSUzotu37	0	0	0	0	0	0	0	0	2	0	0	1	0	0	0	0	0	0	0	0	0	0	0	0	2	0	6	0	0	0	0	0	0	0	25	0
LSUzotu501	0	0	0	0	0	0	0	0	6	0	0	4	8	0	0	5	0	22	0	31	0	0	0	0	0	0	0	0	0	0	0	0	0	0	0	0
LSUzotu202	0	0	0	0	0	0	0	0	8	0	0	0	1	0	4	0	0	0	0	0	0	0	0	0	4	26	0	1	13	60	0	0	0	0	0	0
LSUzotu169	0	0	0	0	0	0	0	0	5	2	2	0	1	0	3	0	0	0	0	0	10	0	0	0	26	36	0	0	28	62	0	0	0	0	0	0
LSUzotu416	0	0	0	0	0	0	0	0	1	0	0	0	0	0	0	0	0	0	2	0	0	0	0	0	0	0	0	0	0	0	0	0	0	0	6	0
LSUzotu243	0	0	0	0	0	0	0	0	7	0	0	3	0	0	0	0	0	0	0	0	1	0	0	0	9	24	0	0	8	14	0	0	0	0	0	0
LSUzotu499	0	0	0	0	0	0	0	0	1	0	0	0	0	0	0	1	0	0	0	0	12	0	0	0	0	0	0	0	0	0	0	0	0	0	0	0
LSUzotu180	0	0	0	0	0	0	0	0	0	197	0	0	0	0	0	0	0	0	0	0	0	0	0	0	0	0	0	0	0	0	0	0	0	0	0	0
LSUzotu60	0	0	0	0	0	0	0	0	0	729	1	0	0	0	0	0	0	0	0	0	0	0	0	0	0	0	0	0	0	0	0	0	0	0	0	0
LSUzotu214	0	0	0	0	0	0	0	0	0	69	0	0	0	0	0	0	0	0	0	0	0	0	0	0	0	0	0	0	0	0	0	0	0	0	0	0
LSUzotu216	0	0	0	0	0	0	0	0	0	104	0	0	0	0	0	0	0	5	0	0	0	0	0	0	0	0	0	8	0	0	0	0	0	0	0	0
LSUzotu176	0	0	0	0	0	0	0	0	0	136	0	0	0	0	0	0	0	0	0	0	0	0	0	0	0	0	0	0	0	0	0	0	0	0	0	0
LSUzotu200	0	0	0	0	0	0	0	0	0	2	0	0	0	0	0	0	0	0	0	0	0	0	0	0	0	0	0	0	0	0	0	0	0	0	0	0
LSUzotu426	0	0	0	0	0	0	0	0	0	16	0	0	0	0	3	0	0	0	0	0	0	0	0	0	0	0	0	0	0	0	0	0	0	0	0	0
LSUzotu395	0	0	0	0	0	0	0	0	0	13	0	0	0	0	0	0	0	0	0	0	0	0	0	0	0	0	0	0	0	0	0	0	0	0	0	0
LSUzotu171	0	0	0	0	0	0	0	0	0	119	0	0	0	0	0	0	0	0	0	0	0	0	0	0	0	0	0	0	0	0	0	0	0	0	0	0
LSUzotu408	0	0	0	0	0	0	0	0	0	57	0	0	0	0	0	0	0	0	0	0	0	0	0	0	0	0	0	0	0	0	0	0	0	0	0	0
LSUzotu149	0	0	0	0	0	0	0	0	0	206	0	0	0	0	0	0	0	0	0	0	0	1	0	0	0	0	0	0	0	0	0	0	0	0	0	0
LSUzotu205	0	0	0	0	0	0	0	0	0	85	0	0	0	0	0	0	0	0	0	0	0	0	0	0	0	0	0	0	0	0	0	0	0	0	0	0
LSUzotu195	0	0	0	0	0	0	0	0	0	90	0	0	0	0	0	0	0	0	0	0	0	0	0	0	0	0	0	0	0	0	0	0	0	0	0	0
LSUzotu293	0	0	0	0	0	0	0	0	0	3	0	0	0	0	0	0	0	0	0	0	0	0	0	0	0	0	0	0	0	0	0	0	0	0	0	0
LSUzotu151	0	0	0	0	0	0	0	0	0	7	1	0	0	0	0	0	0	0	0	0	0	0	0	0	0	0	0	0	0	0	0	0	0	0	0	0
LSUzotu441	0	0	0	0	0	0	0	0	0	11	0	0	0	0	0	0	0	0	0	0	0	0	0	0	0	0	0	0	0	0	0	0	0	0	0	0
LSUzotu455	0	0	0	0	0	0	0	0	0	18	0	0	0	0	0	0	0	0	0	0	0	0	0	0	0	0	0	0	0	0	0	0	0	0	0	0
LSUzotu321	0	0	0	0	0	0	0	0	0	31	0	0	0	0	0	0	0	0	0	0	0	0	0	0	0	0	0	0	0	0	0	0	0	0	0	0
LSUzotu398	0	0	0	0	0	0	0	0	0	2	0	0	0	0	0	0	0	0	0	0	0	0	0	0	0	0	0	0	0	0	0	0	0	0	0	0
LSUzotu142	0	0	0	0	0	0	0	0	0	3	0	4	0	0	0	0	0	0	0	0	6	0	0	0	0	0	0	0	0	0	0	0	0	0	0	0
LSUzotu448	0	0	0	0	0	0	0	0	0	8	0	0	0	0	0	0	0	0	0	0	0	0	0	0	0	0	0	0	0	0	0	0	0	0	0	0
LSUzotu63	0	0	0	0	0	0	0	0	0	1	0	0	0	0	0	0	0	0	0	0	0	0	0	0	0	0	0	0	0	0	0	0	1	0	936	0
LSUzotu377	0	0	0	0	0	0	0	0	0	1	0	0	0	0	0	0	0	0	0	0	0	0	0	0	0	0	0	0	0	0	0	0	0	0	0	0
LSUzotu24	0	0	0	0	0	0	0	0	0	2	376	43	0	2847	3	0	26	0	23	0	0	0	1	0	0	0	2	0	0	0	0	0	0	0	0	0
LSUzotu280	0	0	0	0	0	0	0	0	0	0	108	3	3	17	1	0	0	0	0	0	0	0	0	0	0	0	0	0	0	0	0	0	0	0	0	0
LSUzotu444	0	0	0	0	0	0	0	0	0	0	1	0	1	0	0	0	0	41	0	2	0	0	0	0	0	0	0	0	0	0	0	0	0	0	0	0
LSUzotu417	0	0	0	0	0	0	0	0	0	0	26	10	0	22	0	0	0	0	0	0	0	0	0	0	0	0	0	0	0	0	0	0	0	0	0	0
LSUzotu496	0	0	0	0	0	0	0	0	0	0	10	0	0	0	0	0	0	0	0	0	0	0	0	0	0	0	0	0	0	0	0	0	0	0	0	0
LSUzotu454	0	0	0	0	0	0	0	0	0	0	33	1	0	15	0	0	0	0	0	0	0	0	0	0	0	0	0	0	0	0	0	0	0	0	0	0
LSUzotu255	0	0	0	0	0	0	0	0	0	0	1	0	0	0	0	0	0	0	15	0	0	0	0	0	0	0	0	0	0	0	0	0	0	0	0	0
LSUzotu164	0	0	0	0	0	0	0	0	0	0	3	0	0	0	0	112	43	0	0	0	0	0	0	0	0	0	2	0	0	3	0	0	0	0	0	0
LSUzotu466	0	0	0	0	0	0	0	0	0	0	20	1	0	16	0	0	0	0	0	0	0	0	0	0	0	0	0	0	0	0	0	0	0	0	0	0
LSUzotu7	0	0	0	0	0	0	0	0	0	0	2	24	0	0	0	0	0	1	3	1	0	2	30	0	5	0	0	0	0	0	0	1	2	0	16409	0
LSUzotu482	0	0	0	0	0	0	0	0	0	0	1	0	0	0	0	0	0	0	0	0	0	0	0	0	0	0	0	0	0	0	0	0	0	0	0	0
LSUzotu67	0	0	0	0	0	0	0	0	0	0	2	0	0	11	0	0	0	0	0	0	0	0	0	0	0	0	0	0	0	0	0	0	0	0	0	0
LSUzotu93	0	0	0	0	0	0	0	0	0	0	3	0	0	0	0	0	0	0	0	459	0	0	0	0	0	0	0	0	0	0	0	0	0	0	0	0
LSUzotu66	0	0	0	0	0	0	0	0	0	0	3	0	0	0	0	85	558	0	9	1	0	0	0	0	0	0	0	0	0	28	0	0	0	0	0	0
LSUzotu250	0	0	0	0	0	0	0	0	0	0	0	58	0	0	0	0	0	0	0	0	0	0	0	0	0	0	0	0	0	0	0	0	0	0	0	0
LSUzotu294	0	0	0	0	0	0	0	0	0	0	0	121	0	0	0	0	0	0	0	0	0	0	0	0	0	1	0	0	0	0	0	0	0	0	0	0
LSUzotu94	0	0	0	0	0	0	0	0	0	0	0	26	0	0	0	0	0	0	0	0	0	0	0	0	0	0	0	0	0	0	0	0	0	0	0	0
LSUzotu390	0	0	0	0	0	0	0	0	0	0	0	47	0	0	0	0	0	0	0	0	0	0	0	0	0	0	0	0	0	0	0	0	0	0	0	0
LSUzotu136	0	0	0	0	0	0	0	0	0	0	0	282	0	0	0	0	0	0	0	0	0	0	0	0	0	0	0	0	0	0	0	0	0	0	0	0
LSUzotu267	0	0	0	0	0	0	0	0	0	0	0	69	0	0	0	0	0	0	0	0	0	0	0	0	0	0	0	0	0	0	0	0	0	0	0	0
LSUzotu291	0	0	0	0	0	0	0	0	0	0	0	122	0	0	0	0	0	0	0	0	0	0	0	0	0	0	0	0	0	0	0	0	0	0	0	0
LSUzotu48	0	0	0	0	0	0	0	0	0	0	0	26	0	0	0	0	0	0	0	0	952	0	29	0	0	0	0	0	0	0	0	0	0	0	0	0
LSUzotu256	0	0	0	0	0	0	0	0	0	0	0	5	0	0	0	0	0	0	0	0	0	0	0	0	0	0	0	0	0	0	0	0	0	0	0	0
LSUzotu329	0	0	0	0	0	0	0	0	0	0	0	96	0	0	0	0	0	0	0	0	0	0	0	0	0	0	0	0	0	0	0	0	0	0	0	0
LSUzotu487	0	0	0	0	0	0	0	0	0	0	0	18	0	0	0	0	0	0	0	0	0	0	0	0	0	0	0	0	0	0	0	0	0	0	0	0
LSUzotu315	0	0	0	0	0	0	0	0	0	0	0	2	0	0	0	0	0	0	0	0	1	0	0	0	0	0	0	0	0	0	0	0	0	0	0	0
LSUzotu430	0	0	0	0	0	0	0	0	0	0	0	1	0	0	0	0	0	0	0	0	22	0	0	0	0	0	0	0	0	0	0	0	0	0	0	0
LSUzotu233	0	0	0	0	0	0	0	0	0	0	0	2	0	0	0	0	42	0	0	0	0	0	0	0	0	0	0	0	0	3	0	0	0	0	0	0
LSUzotu226	0	0	0	0	0	0	0	0	0	0	0	1	1	0	0	1	0	0	0	0	0	0	1	0	0	1	0	0	0	0	0	0	0	0	142	0
LSUzotu374	0	0	0	0	0	0	0	0	0	0	0	2	0	0	0	0	0	0	0	0	0	0	0	0	0	0	0	0	0	0	0	0	0	0	0	0
LSUzotu114	0	0	0	0	0	0	0	0	0	0	0	1	0	0	0	0	0	0	0	0	0	0	0	0	0	0	0	0	0	0	0	0	0	0	419	0
LSUzotu148	0	0	0	0	0	0	0	0	0	0	0	2	0	0	0	0	0	0	0	0	0	0	1	0	0	0	0	0	0	0	0	0	0	0	684	0
LSUzotu362	0	0	0	0	0	0	0	0	0	0	0	4	0	0	0	0	0	0	0	0	103	0	2	0	0	0	0	0	0	0	0	0	0	0	0	0
LSUzotu495	0	0	0	0	0	0	0	0	0	0	0	1	0	12	0	0	0	0	0	0	1	0	0	0	0	0	0	0	0	2	0	0	0	0	0	0
LSUzotu418	0	0	0	0	0	0	0	0	0	0	0	0	7	0	0	0	0	1	0	0	0	0	0	0	0	0	0	0	0	0	0	0	0	0	0	0
LSUzotu275	0	0	0	0	0	0	0	0	0	0	0	0	2	0	0	0	0	0	2	2	0	0	0	0	0	0	0	0	0	0	0	0	0	0	0	0
LSUzotu421	0	0	0	0	0	0	0	0	0	0	0	0	7	0	0	0	0	15	0	27	0	0	0	0	0	0	0	0	0	0	0	0	0	0	0	0
LSUzotu359	0	0	0	0	0	0	0	0	0	0	0	0	5	0	0	0	0	1	0	12	0	0	0	0	0	8	0	0	0	0	0	0	0	0	0	0
LSUzotu288	0	0	0	0	0	0	0	0	0	0	0	0	6	1	0	0	0	0	20	0	0	0	0	0	0	0	0	0	0	0	0	0	0	0	0	0
LSUzotu476	0	0	0	0	0	0	0	0	0	0	0	0	5	0	0	0	0	41	0	2	0	0	0	0	0	0	0	0	0	0	0	0	0	0	0	0
LSUzotu485	0	0	0	0	0	0	0	0	0	0	0	0	2	0	0	0	0	12	0	0	0	0	0	0	0	0	0	0	0	0	0	0	0	0	0	0
LSUzotu71	0	0	0	0	0	0	0	0	0	0	0	0	1	0	0	0	0	0	0	0	0	0	0	0	0	0	0	0	0	0	0	0	0	0	676	0
LSUzotu210	0	0	0	0	0	0	0	0	0	0	0	0	0	76	2	0	0	1	0	3	0	0	0	0	0	0	0	0	0	0	0	0	0	0	0	0
LSUzotu312	0	0	0	0	0	0	0	0	0	0	0	0	0	73	0	0	0	0	0	0	0	0	0	0	0	0	0	0	0	0	0	0	0	0	0	0
LSUzotu103	0	0	0	0	0	0	0	0	0	0	0	0	0	303	3	0	0	5	170	9	0	0	0	0	0	0	0	0	0	0	0	0	0	0	0	0
LSUzotu241	0	0	0	0	0	0	0	0	0	0	0	0	0	68	0	0	0	0	0	0	0	0	0	0	0	0	0	0	0	0	0	0	0	0	0	0
LSUzotu215	0	0	0	0	0	0	0	0	0	0	0	0	0	17	0	0	0	3	41	0	0	0	0	0	0	0	0	0	0	0	0	0	0	0	0	0
LSUzotu320	0	0	0	0	0	0	0	0	0	0	0	0	0	30	0	0	0	0	0	0	0	0	0	0	0	0	0	0	0	0	0	0	0	0	0	0
LSUzotu459	0	0	0	0	0	0	0	0	0	0	0	0	0	34	0	0	0	0	0	0	0	0	0	0	0	0	0	0	0	0	0	0	0	0	0	0
LSUzotu283	0	0	0	0	0	0	0	0	0	0	0	0	0	7	0	0	0	1	4	0	0	0	0	0	0	0	0	0	0	0	0	0	0	0	0	0
LSUzotu221	0	0	0	0	0	0	0	0	0	0	0	0	0	13	4	2	5	8	4	0	0	0	0	0	0	0	0	12	4	15	0	0	0	0	0	0
LSUzotu431	0	0	0	0	0	0	0	0	0	0	0	0	0	4	0	0	0	0	13	0	0	0	0	0	0	0	0	0	0	0	0	0	0	0	0	0
LSUzotu425	0	0	0	0	0	0	0	0	0	0	0	0	0	1	0	0	0	0	2	0	0	0	0	0	0	0	0	0	0	0	0	0	0	0	0	0
LSUzotu457	0	0	0	0	0	0	0	0	0	0	0	0	0	0	4	0	0	1	0	1	10	0	0	0	0	0	0	0	0	0	0	0	0	0	0	0
LSUzotu300	0	0	0	0	0	0	0	0	0	0	0	0	0	0	1	0	0	0	0	0	0	0	0	0	3	0	1	0	0	0	0	0	0	0	0	0
LSUzotu146	0	0	0	0	0	0	0	0	0	0	0	0	0	0	0	158	7	0	0	0	0	0	0	0	0	0	0	0	0	0	0	0	0	0	0	0
LSUzotu165	0	0	0	0	0	0	0	0	0	0	0	0	0	0	0	142	94	0	0	0	0	0	0	0	0	0	0	0	0	1	0	0	0	0	0	0
LSUzotu145	0	0	0	0	0	0	0	0	0	0	0	0	0	0	0	34	0	0	0	0	0	0	0	0	0	0	0	0	0	0	0	0	0	0	0	0
LSUzotu412	0	0	0	0	0	0	0	0	0	0	0	0	0	0	0	18	7	0	0	0	0	0	0	0	0	0	1	0	0	4	0	0	0	0	0	0
LSUzotu302	0	0	0	0	0	0	0	0	0	0	0	0	0	0	0	31	7	0	0	0	0	0	0	0	0	0	4	0	0	1	0	0	0	0	0	0
LSUzotu465	0	0	0	0	0	0	0	0	0	0	0	0	0	0	0	4	0	0	0	0	0	0	0	0	0	0	2	0	0	0	0	0	0	0	0	0
LSUzotu309	0	0	0	0	0	0	0	0	0	0	0	0	0	0	0	7	15	0	0	0	2	0	0	0	0	0	0	0	0	0	0	0	0	0	0	0
LSUzotu295	0	0	0	0	0	0	0	0	0	0	0	0	0	0	0	4	0	0	0	0	0	0	0	0	0	0	0	0	0	0	1	0	0	0	64	0
LSUzotu410	0	0	0	0	0	0	0	0	0	0	0	0	0	0	0	15	4	0	3	0	0	0	0	0	0	1	2	0	0	2	0	0	0	0	0	0
LSUzotu268	0	0	0	0	0	0	0	0	0	0	0	0	0	0	0	4	22	0	0	0	0	0	0	0	0	2	0	0	0	39	0	0	0	0	0	0
LSUzotu452	0	0	0	0	0	0	0	0	0	0	0	0	0	0	0	5	1	0	0	0	0	0	0	0	0	0	1	0	0	0	0	0	0	0	0	0
LSUzotu307	0	0	0	0	0	0	0	0	0	0	0	0	0	0	0	8	5	0	0	0	0	0	0	0	0	0	0	0	0	0	0	0	0	0	0	0
LSUzotu351	0	0	0	0	0	0	0	0	0	0	0	0	0	0	0	2	0	0	0	0	0	0	0	0	0	0	3	0	0	0	0	0	0	0	0	0
LSUzotu252	0	0	0	0	0	0	0	0	0	0	0	0	0	0	0	4	4	0	0	0	0	0	0	0	0	0	0	0	0	4	0	0	0	0	0	0
LSUzotu79	0	0	0	0	0	0	0	0	0	0	0	0	0	0	0	0	0	1	465	13	0	0	0	0	0	0	0	0	0	0	0	0	0	0	0	0
LSUzotu82	0	0	0	0	0	0	0	0	0	0	0	0	0	0	0	0	0	10	403	13	0	0	0	0	0	0	0	0	0	0	0	0	0	0	0	0
LSUzotu162	0	0	0	0	0	0	0	0	0	0	0	0	0	0	0	0	0	2	141	0	0	0	0	0	0	0	0	0	0	0	0	0	0	0	0	0
LSUzotu133	0	0	0	0	0	0	0	0	0	0	0	0	0	0	0	0	0	4	31	0	0	0	0	0	0	0	0	0	0	0	0	0	0	0	0	0
LSUzotu174	0	0	0	0	0	0	0	0	0	0	0	0	0	0	0	0	0	4	100	1	0	0	0	0	0	0	0	0	0	0	0	0	0	0	0	0
LSUzotu178	0	0	0	0	0	0	0	0	0	0	0	0	0	0	0	0	0	1	156	1	0	0	0	0	0	0	0	0	0	0	0	0	0	0	0	0
LSUzotu53	0	0	0	0	0	0	0	0	0	0	0	0	0	0	0	0	0	4	876	22	0	0	0	0	0	0	0	0	0	0	0	0	0	0	0	0
LSUzotu414	0	0	0	0	0	0	0	0	0	0	0	0	0	0	0	0	0	1	15	0	0	0	0	0	0	0	0	0	0	0	0	0	0	0	0	0
LSUzotu185	0	0	0	0	0	0	0	0	0	0	0	0	0	0	0	0	0	2	96	0	0	0	0	0	0	0	0	0	0	0	0	0	0	0	0	0
LSUzotu394	0	0	0	0	0	0	0	0	0	0	0	0	0	0	0	0	0	2	0	26	0	0	0	0	0	0	0	0	0	0	0	0	0	0	0	0
LSUzotu440	0	0	0	0	0	0	0	0	0	0	0	0	0	0	0	0	0	1	0	0	0	0	0	0	1	7	0	0	0	2	0	0	0	0	0	0
LSUzotu75	0	0	0	0	0	0	0	0	0	0	0	0	0	0	0	0	0	1	622	4	0	0	0	0	0	0	0	0	0	0	0	0	0	0	0	0
LSUzotu389	0	0	0	0	0	0	0	0	0	0	0	0	0	0	0	0	0	0	22	0	0	0	0	0	0	0	0	0	0	0	0	0	0	0	0	0
LSUzotu227	0	0	0	0	0	0	0	0	0	0	0	0	0	0	0	0	0	0	59	0	0	0	0	0	0	0	0	0	0	0	0	0	0	0	0	0
LSUzotu152	0	0	0	0	0	0	0	0	0	0	0	0	0	0	0	0	0	0	163	0	0	0	0	0	0	0	0	0	0	0	0	0	0	0	0	0
LSUzotu219	0	0	0	0	0	0	0	0	0	0	0	0	0	0	0	0	0	0	65	0	0	0	0	0	0	0	0	0	0	0	0	0	0	0	0	0
LSUzotu324	0	0	0	0	0	0	0	0	0	0	0	0	0	0	0	0	0	0	20	0	0	0	0	0	0	0	0	0	0	0	0	0	0	0	0	0
LSUzotu231	0	0	0	0	0	0	0	0	0	0	0	0	0	0	0	0	0	0	134	0	0	0	0	0	0	0	0	0	0	0	0	0	0	0	0	0
LSUzotu486	0	0	0	0	0	0	0	0	0	0	0	0	0	0	0	0	0	0	64	0	0	0	0	0	0	0	0	0	0	0	0	0	0	0	0	0
LSUzotu297	0	0	0	0	0	0	0	0	0	0	0	0	0	0	0	0	0	0	37	0	0	0	0	0	0	0	0	0	0	0	0	0	0	0	0	0
LSUzotu340	0	0	0	0	0	0	0	0	0	0	0	0	0	0	0	0	0	0	41	0	0	0	0	0	0	0	0	0	0	0	0	0	0	0	0	0
LSUzotu194	0	0	0	0	0	0	0	0	0	0	0	0	0	0	0	0	0	0	73	0	0	0	0	0	0	0	0	0	0	0	0	0	0	0	0	0
LSUzotu450	0	0	0	0	0	0	0	0	0	0	0	0	0	0	0	0	0	0	7	0	0	0	0	0	0	0	0	0	0	0	0	0	0	0	0	0
LSUzotu397	0	0	0	0	0	0	0	0	0	0	0	0	0	0	0	0	0	0	37	0	0	0	0	0	0	0	0	0	0	0	0	0	0	0	0	0
LSUzotu249	0	0	0	0	0	0	0	0	0	0	0	0	0	0	0	0	0	0	81	2	0	0	0	0	0	0	0	0	0	0	0	0	0	0	0	0
LSUzotu411	0	0	0	0	0	0	0	0	0	0	0	0	0	0	0	0	0	0	23	0	0	0	0	0	0	0	0	0	0	0	0	0	0	0	0	0
LSUzotu274	0	0	0	0	0	0	0	0	0	0	0	0	0	0	0	0	0	0	38	0	0	0	0	0	0	0	0	0	0	0	0	0	0	0	0	0
LSUzotu382	0	0	0	0	0	0	0	0	0	0	0	0	0	0	0	0	0	0	19	0	0	0	0	0	0	0	0	0	0	0	0	0	0	0	0	0
LSUzotu209	0	0	0	0	0	0	0	0	0	0	0	0	0	0	0	0	0	0	66	0	0	0	0	0	0	0	0	0	0	0	0	0	0	0	0	0
LSUzotu443	0	0	0	0	0	0	0	0	0	0	0	0	0	0	0	0	0	0	14	0	0	0	0	0	0	0	0	0	0	0	0	0	0	0	0	0
LSUzotu381	0	0	0	0	0	0	0	0	0	0	0	0	0	0	0	0	0	0	11	0	0	0	0	0	0	0	0	0	0	0	0	0	0	0	0	0
LSUzotu212	0	0	0	0	0	0	0	0	0	0	0	0	0	0	0	0	0	0	13	0	0	0	0	0	0	0	0	0	0	0	0	0	0	0	0	0
LSUzotu160	0	0	0	0	0	0	0	0	0	0	0	0	0	0	0	0	0	0	12	0	0	0	0	0	0	0	0	0	0	0	0	0	0	0	0	0
LSUzotu366	0	0	0	0	0	0	0	0	0	0	0	0	0	0	0	0	0	0	14	0	0	0	0	0	0	0	0	0	0	0	0	0	0	0	0	0
LSUzotu373	0	0	0	0	0	0	0	0	0	0	0	0	0	0	0	0	0	0	18	0	0	0	0	0	0	0	0	0	0	0	0	0	0	0	0	0
LSUzotu239	0	0	0	0	0	0	0	0	0	0	0	0	0	0	0	0	0	0	59	0	0	0	0	0	0	0	0	0	0	0	0	0	0	0	0	0
LSUzotu388	0	0	0	0	0	0	0	0	0	0	0	0	0	0	0	0	0	0	38	0	0	0	0	0	0	0	0	0	0	0	0	0	0	0	0	0
LSUzotu370	0	0	0	0	0	0	0	0	0	0	0	0	0	0	0	0	0	0	19	0	0	0	0	0	0	0	0	0	0	0	0	0	0	0	0	0
LSUzotu323	0	0	0	0	0	0	0	0	0	0	0	0	0	0	0	0	0	0	40	0	0	0	0	0	0	0	0	0	0	0	0	0	0	0	0	0
LSUzotu277	0	0	0	0	0	0	0	0	0	0	0	0	0	0	0	0	0	0	9	0	0	0	0	0	0	0	0	0	0	0	0	0	0	0	0	0
LSUzotu483	0	0	0	0	0	0	0	0	0	0	0	0	0	0	0	0	0	0	15	0	0	0	0	0	0	0	0	0	0	0	0	0	0	0	0	0
LSUzotu399	0	0	0	0	0	0	0	0	0	0	0	0	0	0	0	0	0	0	33	0	0	0	0	0	0	0	0	0	0	0	0	0	0	0	0	0
LSUzotu470	0	0	0	0	0	0	0	0	0	0	0	0	0	0	0	0	0	0	7	0	0	0	0	0	0	0	0	0	0	0	0	0	0	0	0	0
LSUzotu317	0	0	0	0	0	0	0	0	0	0	0	0	0	0	0	0	0	0	25	0	0	0	0	0	0	0	0	0	0	0	0	0	0	0	0	0
LSUzotu439	0	0	0	0	0	0	0	0	0	0	0	0	0	0	0	0	0	0	3	0	0	0	0	0	0	0	0	0	0	0	0	0	0	0	0	0
LSUzotu273	0	0	0	0	0	0	0	0	0	0	0	0	0	0	0	0	0	0	6	0	0	0	0	0	0	0	0	0	0	0	0	0	0	0	0	0
LSUzotu469	0	0	0	0	0	0	0	0	0	0	0	0	0	0	0	0	0	0	14	0	0	0	0	0	0	0	0	0	0	0	0	0	0	0	0	0
LSUzotu311	0	0	0	0	0	0	0	0	0	0	0	0	0	0	0	0	0	0	5	0	0	0	0	0	0	0	0	0	0	0	0	0	0	0	0	0
LSUzotu310	0	0	0	0	0	0	0	0	0	0	0	0	0	0	0	0	0	0	3	0	0	0	0	0	0	0	0	0	0	0	0	0	0	0	0	0
LSUzotu138	0	0	0	0	0	0	0	0	0	0	0	0	0	0	0	0	0	0	0	208	0	0	0	0	0	0	0	0	0	0	0	0	0	0	0	0
LSUzotu361	0	0	0	0	0	0	0	0	0	0	0	0	0	0	0	0	0	0	0	20	0	0	0	0	0	0	0	0	0	0	0	0	0	0	0	0
LSUzotu189	0	0	0	0	0	0	0	0	0	0	0	0	0	0	0	0	0	0	0	86	0	0	0	0	0	0	0	0	0	0	0	0	0	0	0	0
LSUzotu336	0	0	0	0	0	0	0	0	0	0	0	0	0	0	0	0	0	0	0	40	0	0	0	0	0	0	0	0	0	0	0	0	0	0	0	0
LSUzotu248	0	0	0	0	0	0	0	0	0	0	0	0	0	0	0	0	0	0	0	21	0	0	0	0	0	0	0	0	0	0	0	0	0	0	0	0
LSUzotu270	0	0	0	0	0	0	0	0	0	0	0	0	0	0	0	0	0	0	0	2	0	0	0	0	0	0	0	0	0	10	0	0	0	0	0	0
LSUzotu349	0	0	0	0	0	0	0	0	0	0	0	0	0	0	0	0	0	0	0	5	0	0	0	0	0	0	0	0	0	20	0	0	0	0	0	0
LSUzotu193	0	0	0	0	0	0	0	0	0	0	0	0	0	0	0	0	0	0	0	0	97	0	0	0	0	0	0	0	0	0	0	0	0	0	0	0
LSUzotu217	0	0	0	0	0	0	0	0	0	0	0	0	0	0	0	0	0	0	0	0	1	0	0	0	0	0	0	0	0	0	0	0	0	0	0	0
LSUzotu423	0	0	0	0	0	0	0	0	0	0	0	0	0	0	0	0	0	0	0	0	26	0	1	0	0	0	0	0	0	0	0	0	0	0	0	0
LSUzotu409	0	0	0	0	0	0	0	0	0	0	0	0	0	0	0	0	0	0	0	0	32	0	0	0	0	0	0	0	0	0	0	0	0	0	0	0
LSUzotu498	0	0	0	0	0	0	0	0	0	0	0	0	0	0	0	0	0	0	0	0	3	0	0	0	0	0	0	0	0	0	0	0	0	0	0	0
LSUzotu328	0	0	0	0	0	0	0	0	0	0	0	0	0	0	0	0	0	0	0	0	1	0	0	0	0	0	0	0	0	0	0	0	0	0	1	0
LSUzotu484	0	0	0	0	0	0	0	0	0	0	0	0	0	0	0	0	0	0	0	0	1	0	0	0	0	0	0	0	0	0	0	0	0	0	0	0
LSUzotu153	0	0	0	0	0	0	0	0	0	0	0	0	0	0	0	0	0	0	0	0	0	0	233	0	0	0	0	0	0	0	0	0	0	0	0	0
LSUzotu257	0	0	0	0	0	0	0	0	0	0	0	0	0	0	0	0	0	0	0	0	0	0	53	0	0	0	0	0	0	0	0	0	0	0	0	0
LSUzotu266	0	0	0	0	0	0	0	0	0	0	0	0	0	0	0	0	0	0	0	0	0	0	45	0	0	0	0	0	0	0	0	0	0	0	0	0
LSUzotu81	0	0	0	0	0	0	0	0	0	0	0	0	0	0	0	0	0	0	0	0	0	0	565	0	0	0	0	0	0	0	0	0	0	0	0	0
LSUzotu163	0	0	0	0	0	0	0	0	0	0	0	0	0	0	0	0	0	0	0	0	0	0	129	0	0	0	0	0	0	0	0	0	0	0	0	0
LSUzotu197	0	0	0	0	0	0	0	0	0	0	0	0	0	0	0	0	0	0	0	0	0	0	126	0	0	0	0	0	0	0	0	0	0	0	0	0
LSUzotu396	0	0	0	0	0	0	0	0	0	0	0	0	0	0	0	0	0	0	0	0	0	0	21	0	0	0	0	0	0	0	0	0	0	0	0	0
LSUzotu326	0	0	0	0	0	0	0	0	0	0	0	0	0	0	0	0	0	0	0	0	0	0	35	0	0	0	0	0	0	0	0	0	0	0	0	0
LSUzotu223	0	0	0	0	0	0	0	0	0	0	0	0	0	0	0	0	0	0	0	0	0	0	13	0	0	0	0	0	0	0	0	0	0	0	0	0
LSUzotu254	0	0	0	0	0	0	0	0	0	0	0	0	0	0	0	0	0	0	0	0	0	0	64	0	0	0	0	0	0	0	0	0	0	0	0	0
LSUzotu260	0	0	0	0	0	0	0	0	0	0	0	0	0	0	0	0	0	0	0	0	0	0	13	0	0	0	0	0	0	0	0	0	0	0	0	0
LSUzotu186	0	0	0	0	0	0	0	0	0	0	0	0	0	0	0	0	0	0	0	0	0	0	16	0	0	0	0	0	0	0	0	0	0	0	0	0
LSUzotu237	0	0	0	0	0	0	0	0	0	0	0	0	0	0	0	0	0	0	0	0	0	0	11	0	0	0	0	0	0	0	0	0	0	0	0	0
LSUzotu218	0	0	0	0	0	0	0	0	0	0	0	0	0	0	0	0	0	0	0	0	0	0	7	0	0	0	0	0	0	0	0	0	0	0	0	0
LSUzotu429	0	0	0	0	0	0	0	0	0	0	0	0	0	0	0	0	0	0	0	0	0	0	3	0	0	0	0	0	0	0	0	0	0	0	0	0
LSUzotu358	0	0	0	0	0	0	0	0	0	0	0	0	0	0	0	0	0	0	0	0	0	0	1	0	0	0	0	0	0	0	0	0	0	0	0	0
LSUzotu372	0	0	0	0	0	0	0	0	0	0	0	0	0	0	0	0	0	0	0	0	0	0	0	0	2	0	0	0	0	0	0	0	0	0	0	0
LSUzotu474	0	0	0	0	0	0	0	0	0	0	0	0	0	0	0	0	0	0	0	0	0	0	0	0	0	3	19	0	0	0	0	0	0	0	0	0
LSUzotu462	0	0	0	0	0	0	0	0	0	0	0	0	0	0	0	0	0	0	0	0	0	0	0	0	0	2	0	0	0	0	0	0	0	0	8	0
LSUzotu404	0	0	0	0	0	0	0	0	0	0	0	0	0	0	0	0	0	0	0	0	0	0	0	0	0	0	2	0	0	0	0	0	0	0	0	0
LSUzotu427	0	0	0	0	0	0	0	0	0	0	0	0	0	0	0	0	0	0	0	0	0	0	0	0	0	0	0	0	0	16	0	0	0	0	0	0
LSUzotu150	0	0	0	0	0	0	0	0	0	0	0	0	0	0	0	0	0	0	0	0	0	0	0	0	0	0	0	0	0	0	138	0	0	0	0	0
LSUzotu144	0	0	0	0	0	0	0	0	0	0	0	0	0	0	0	0	0	0	0	0	0	0	0	0	0	0	0	0	0	0	172	0	0	0	0	0
LSUzotu140	0	0	0	0	0	0	0	0	0	0	0	0	0	0	0	0	0	0	0	0	0	0	0	0	0	0	0	0	0	0	0	164	0	0	0	0
LSUzotu108	0	0	0	0	0	0	0	0	0	0	0	0	0	0	0	0	0	0	0	0	0	0	0	0	0	0	0	0	0	0	0	256	0	0	0	0
LSUzotu289	0	0	0	0	0	0	0	0	0	0	0	0	0	0	0	0	0	0	0	0	0	0	0	0	0	0	0	0	0	0	0	0	0	24	0	0
LSUzotu240	0	0	0	0	0	0	0	0	0	0	0	0	0	0	0	0	0	0	0	0	0	0	0	0	0	0	0	0	0	0	0	0	0	0	224	0
LSUzotu282	0	0	0	0	0	0	0	0	0	0	0	0	0	0	0	0	0	0	0	0	0	0	0	0	0	0	0	0	0	0	0	0	0	0	116	0
LSUzotu319	0	0	0	0	0	0	0	0	0	0	0	0	0	0	0	0	0	0	0	0	0	0	0	0	0	0	0	0	0	0	0	0	0	0	201	0
LSUzotu279	0	0	0	0	0	0	0	0	0	0	0	0	0	0	0	0	0	0	0	0	0	0	0	0	0	0	0	0	0	0	0	0	0	0	216	0
LSUzotu296	0	0	0	0	0	0	0	0	0	0	0	0	0	0	0	0	0	0	0	0	0	0	0	0	0	0	0	0	0	0	0	0	0	0	119	0
LSUzotu269	0	0	0	0	0	0	0	0	0	0	0	0	0	0	0	0	0	0	0	0	0	0	0	0	0	0	0	0	0	0	0	0	0	0	167	0
LSUzotu339	0	0	0	0	0	0	0	0	0	0	0	0	0	0	0	0	0	0	0	0	0	0	0	0	0	0	0	0	0	0	0	0	0	0	87	0
LSUzotu199	0	0	0	0	0	0	0	0	0	0	0	0	0	0	0	0	0	0	0	0	0	0	0	0	0	0	0	0	0	0	0	0	0	0	110	0
LSUzotu251	0	0	0	0	0	0	0	0	0	0	0	0	0	0	0	0	0	0	0	0	0	0	0	0	0	0	0	0	0	0	0	0	0	0	100	0
LSUzotu428	0	0	0	0	0	0	0	0	0	0	0	0	0	0	0	0	0	0	0	0	0	0	0	0	0	0	0	0	0	0	0	0	0	0	29	0
LSUzotu488	0	0	0	0	0	0	0	0	0	0	0	0	0	0	0	0	0	0	0	0	0	0	0	0	0	0	0	0	0	0	0	0	0	0	34	0
LSUzotu303	0	0	0	0	0	0	0	0	0	0	0	0	0	0	0	0	0	0	0	0	0	0	0	0	0	0	0	0	0	0	0	0	0	0	21	0
LSUzotu497	0	0	0	0	0	0	0	0	0	0	0	0	0	0	0	0	0	0	0	0	0	0	0	0	0	0	0	0	0	0	0	0	0	0	30	0
LSUzotu445	0	0	0	0	0	0	0	0	0	0	0	0	0	0	0	0	0	0	0	0	0	0	0	0	0	0	0	0	0	0	0	0	0	0	10	0
LSUzotu438	0	0	0	0	0	0	0	0	0	0	0	0	0	0	0	0	0	0	0	0	0	0	0	0	0	0	0	0	0	0	0	0	0	0	72	0
LSUzotu235	0	0	0	0	0	0	0	0	0	0	0	0	0	0	0	0	0	0	0	0	0	0	0	0	0	0	0	0	0	0	0	0	0	0	6	0
LSUzotu304	0	0	0	0	0	0	0	0	0	0	0	0	0	0	0	0	0	0	0	0	0	0	0	0	0	0	0	0	0	0	0	0	0	0	2	0
